0,124
1,351
2,374
4,342
5,346
6,376
7,352
8,342
9,342
10,167
10,390
12,351
13,390
15,129
15,356
17,350
18,356
19,390
22,345
23,417
25,355
25,405
26,359
27,391
28,391
29,391
31,351
31,433
32,392
33,380
34,362
35,392
36,392
38,362
39,356
39,372
40,355
41,362
42,189
42,362
43,358
44,355
45,350
45,372
46,342
47,342
47,372
48,372
49,343
49,377
50,363
50,432
51,393
52,431
53,378
54,154
55,133
55,358
55,379
56,374
56,393
57,389
58,358
58,395
59,388
60,374
61,191
62,360
62,386
64,360
64,372
64,394
65,362
65,376
67,359
68,355
68,380
69,385
70,360
71,357
71,408
73,375
74,359
75,164
75,430
77,209
77,429
79,364
79,421
80,392
81,363
81,404
83,362
83,395
84,376
85,379
86,209
86,392
87,365
88,406
89,376
90,406
91,407
92,364
92,406
93,403
95,369
96,210
96,381
96,436
97,377
97,408
97,412
98,374
99,368
99,379
100,355
100,365
100,376
101,258
101,360
101,372
101,394
102,356
102,369
103,335
103,377
103,408
104,353
104,413
105,413
106,377
106,403
107,408
108,381
108,408
109,369
109,412
110,393
111,211
111,404
111,414
113,164
114,371
114,412
115,409
116,381
116,412
117,402
118,382
118,436
119,382
119,407
120,158
120,393
120,412
121,381
121,412
122,377
122,390
122,408
123,375
123,405
124,368
124,385
124,412
125,365
125,383
125,389
125,412
126,385
126,406
127,408
128,380
129,366
129,394
130,217
130,373
130,436
131,406
132,392
132,436
133,408
134,372
134,413
135,389
135,406
136,371
136,408
137,367
137,401
138,224
138,388
138,433
139,387
140,379
140,408
141,379
141,432
142,385
143,231
143,400
144,383
144,413
145,383
146,177
146,382
146,421
147,410
148,231
148,413
149,413
150,372
150,410
151,371
151,413
152,388
153,369
153,413
154,410
155,366
155,410
156,413
157,375
157,413
158,373
158,439
159,365
159,413
160,362
160,413
161,346
161,382
162,370
162,413
163,370
163,413
164,384
165,164
165,367
165,384
165,431
166,362
166,422
167,367
167,431
168,366
168,429
169,410
170,365
171,364
171,413
172,375
172,428
173,378
174,192
174,410
175,361
175,427
176,410
177,213
177,372
178,193
178,374
179,359
179,413
180,193
180,410
181,323
181,410
182,316
182,410
183,356
183,421
184,355
184,413
185,369
185,428
186,312
186,408
187,191
187,408
188,352
188,413
189,299
189,406
190,319
190,404
191,300
191,404
192,349
192,403
193,360
193,408
194,219
194,413
195,357
195,410
196,347
196,413
197,399
198,170
198,356
198,413
199,344
199,405
200,180
200,413
201,357
202,200
202,410
203,319
203,402
204,347
204,413
205,413
206,179
206,349
206,413
207,413
208,321
208,370
208,439
209,342
209,413
210,337
210,359
210,434
211,386
212,343
212,413
213,192
213,315
213,413
214,334
214,411
214,428
215,334
215,413
216,226
216,357
216,426
217,340
217,354
217,424
218,380
219,324
219,378
220,352
221,206
221,349
221,426
222,339
222,411
223,149
223,413
224,413
225,188
225,334
225,413
226,338
226,426
227,410
227,439
228,326
228,377
229,324
229,369
229,428
230,361
230,413
231,329
231,370
232,327
232,411
233,323
233,368
233,413
234,312
234,345
235,213
235,340
235,372
236,166
236,323
236,366
237,168
237,330
237,368
237,434
238,336
238,413
239,329
239,413
240,212
240,358
240,428
241,323
241,408
242,314
242,345
242,410
243,310
243,330
243,364
243,428
244,330
245,161
245,340
245,362
246,311
246,335
246,408
246,426
247,349
247,410
247,428
248,322
248,359
249,315
249,351
249,411
250,276
250,331
250,357
251,169
251,321
251,411
252,308
252,355
253,276
253,346
253,413
254,305
254,324
254,353
254,433
255,314
255,352
256,274
256,313
256,350
256,424
257,344
257,413
258,307
258,326
258,427
259,311
259,342
260,203
260,329
260,410
261,302
261,347
262,300
262,331
262,346
262,427
263,320
263,344
263,420
264,328
264,413
265,315
265,342
266,299
266,341
266,420
267,308
267,384
268,297
268,328
268,379
268,438
269,320
269,413
270,305
270,338
270,413
271,331
271,438
272,323
272,373
272,428
273,303
273,372
274,306
274,333
274,375
275,277
275,318
275,371
276,298
276,326
276,373
277,325
277,437
278,313
278,324
278,371
278,425
279,295
279,362
279,437
280,306
280,323
280,404
281,278
281,317
281,360
281,422
282,289
282,321
282,362
282,403
282,422
283,285
283,312
283,357
283,404
283,421
284,318
284,363
284,404
284,413
284,417
284,421
285,317
285,362
285,402
285,407
286,306
286,353
286,400
286,425
287,298
287,352
287,386
287,390
287,394
287,403
287,419
288,280
288,307
288,358
288,415
288,421
288,425
289,301
289,330
289,357
289,431
290,312
290,349
290,416
291,281
291,348
291,409
291,417
292,290
292,311
292,353
292,386
292,390
292,408
292,436
293,322
293,390
293,410
293,441
294,309
294,344
294,392
294,396
294,411
294,432
295,308
295,321
295,395
295,413
295,424
296,301
296,341
296,413
297,286
297,320
297,413
298,283
298,306
298,340
298,421
299,301
299,311
299,346
299,417
299,424
300,275
300,303
300,338
300,410
301,282
301,303
301,328
301,342
301,426
302,293
302,334
302,413
303,283
303,299
303,334
303,420
304,274
304,305
304,338
304,410
305,300
305,331
305,380
306,256
306,292
306,313
306,344
306,426
307,288
307,302
307,328
307,377
308,267
308,302
308,334
308,413
309,276
309,301
309,333
309,413
310,282
310,305
310,331
310,342
310,410
311,274
311,299
311,330
311,376
312,281
312,319
312,369
312,432
313,271
313,297
313,349
313,373
314,278
314,310
314,366
314,440
315,290
315,326
315,413
316,318
316,363
316,436
317,278
317,309
317,335
317,410
318,247
318,292
318,332
318,410
319,172
319,291
319,314
319,325
319,410
320,281
320,300
320,351
320,410
321,267
321,312
321,349
321,359
321,439
322,288
322,310
322,358
322,422
323,265
323,298
323,339
323,413
324,286
324,307
324,355
325,281
325,324
325,346
325,413
326,257
326,279
326,305
326,313
326,352
327,278
327,310
327,350
327,419
328,278
328,303
328,319
328,341
328,410
329,261
329,282
329,406
329,419
330,268
330,294
330,312
330,338
331,251
331,279
331,307
331,336
331,410
332,259
332,289
332,314
332,342
332,441
333,277
333,298
333,309
333,387
334,257
334,292
334,320
334,357
334,413
335,259
335,309
335,382
335,441
336,275
336,300
336,334
336,413
337,266
337,292
337,318
337,378
337,413
338,272
338,297
338,325
338,357
338,426
339,254
339,291
339,331
339,373
339,413
340,267
340,295
340,329
340,413
341,270
341,300
341,321
341,371
341,421
342,265
342,286
342,306
342,318
342,341
342,410
343,238
343,261
343,290
343,324
343,420
344,235
344,239
344,263
344,285
344,322
344,360
344,410
345,224
345,228
345,232
345,249
345,274
345,289
345,314
345,368
345,429
346,220
346,224
346,261
346,283
346,319
346,333
346,368
346,427
347,207
347,211
347,215
347,239
347,260
347,281
347,310
347,366
348,196
348,200
348,204
348,238
348,263
348,309
348,353
348,410
349,178
349,182
349,186
349,190
349,194
349,237
349,259
349,278
349,307
349,315
349,360
349,413
350,137
350,142
350,146
350,150
350,154
350,158
350,162
350,166
350,170
350,174
350,245
350,283
350,313
350,357
350,421
351,129
351,227
351,244
351,260
351,276
351,304
351,346
351,410
352,125
352,140
352,218
352,279
352,308
352,344
352,355
352,431
353,204
353,234
353,258
353,302
353,343
353,413
354,182
354,194
354,224
354,242
354,258
354,278
354,340
354,410
354,438
355,128
355,133
355,137
355,141
355,145
355,149
355,153
355,157
355,161
355,165
355,169
355,175
355,252
355,271
355,304
355,338
355,348
355,413
356,197
356,201
356,232
356,255
356,280
356,303
356,345
356,427
357,135
357,141
357,145
357,153
357,174
357,240
357,262
357,274
357,333
357,344
358,125
358,129
358,139
358,224
358,254
358,293
358,332
358,404
358,435
359,166
359,177
359,187
359,216
359,248
359,267
359,291
359,312
359,337
359,408
359,428
360,131
360,135
360,139
360,143
360,199
360,228
360,248
360,285
360,327
360,394
361,121
361,142
361,179
361,187
361,251
361,294
361,325
361,335
361,420
362,122
362,127
362,143
362,148
362,153
362,157
362,161
362,166
362,171
362,237
362,262
362,286
362,306
362,332
362,387
363,100
363,104
363,108
363,112
363,116
363,132
363,140
363,224
363,246
363,284
363,321
363,385
363,420
364,210
364,214
364,218
364,245
364,265
364,284
364,318
364,328
364,410
365,165
365,198
365,202
365,221
365,225
365,242
365,259
365,282
365,317
365,335
365,388
365,419
366,115
366,177
366,182
366,187
366,191
366,211
366,215
366,225
366,246
366,277
366,323
366,413
367,102
367,106
367,113
367,120
367,125
367,129
367,133
367,137
367,141
367,145
367,149
367,153
367,157
367,161
367,165
367,170
367,202
367,225
367,242
367,262
367,308
367,314
367,367
367,372
367,437
368,183
368,187
368,191
368,195
368,231
368,260
368,275
368,284
368,318
368,377
368,413
369,103
369,107
369,125
369,129
369,141
369,149
369,154
369,158
369,163
369,167
369,217
369,222
369,240
369,260
369,294
369,310
369,348
369,364
370,100
370,114
370,119
370,123
370,145
370,212
370,239
370,262
370,306
370,315
370,371
370,429
371,201
371,205
371,229
371,248
371,273
371,305
371,355
371,367
371,418
372,116
372,189
372,194
372,198
372,214
372,220
372,240
372,270
372,278
372,309
372,327
372,365
373,103
373,107
373,118
373,123
373,127
373,131
373,135
373,140
373,147
373,152
373,156
373,160
373,164
373,168
373,172
373,177
373,207
373,234
373,252
373,271
373,307
373,350
373,410
374,190
374,195
374,200
374,227
374,249
374,261
374,268
374,275
374,299
374,338
374,357
374,413
374,440
375,106
375,110
375,114
375,118
375,124
375,128
375,132
375,137
375,148
375,156
375,161
375,165
375,170
375,175
375,219
375,237
375,251
375,271
375,302
375,353
375,413
376,207
376,211
376,234
376,264
376,293
376,334
376,350
376,413
377,200
377,205
377,224
377,236
377,250
377,298
377,349
377,426
378,110
378,114
378,118
378,122
378,182
378,186
378,190
378,194
378,212
378,232
378,261
378,287
378,296
378,335
378,410
379,105
379,126
379,133
379,146
379,158
379,166
379,170
379,175
379,204
379,216
379,233
379,265
379,295
379,340
379,410
380,192
380,197
380,222
380,242
380,260
380,285
380,310
380,338
380,409
380,434
381,104
381,108
381,112
381,116
381,120
381,127
381,131
381,137
381,164
381,171
381,175
381,179
381,185
381,222
381,232
381,245
381,262
381,283
381,323
381,335
381,413
382,121
382,210
382,224
382,260
382,286
382,330
382,408
383,200
383,204
383,238
383,254
383,278
383,318
383,327
383,352
384,109
384,114
384,118
384,122
384,187
384,193
384,198
384,212
384,222
384,237
384,256
384,282
384,296
384,326
384,415
385,126
385,130
385,134
385,139
385,149
385,157
385,165
385,169
385,173
385,180
385,212
385,228
385,249
385,256
385,275
385,314
385,383
385,425
385,440
386,110
386,189
386,193
386,197
386,218
386,235
386,253
386,273
386,307
386,320
387,120
387,128
387,133
387,140
387,172
387,177
387,217
387,237
387,269
387,305
387,316
387,410
387,435
388,148
388,156
388,209
388,232
388,246
388,273
388,311
388,351
389,202
389,206
389,216
389,232
389,245
389,266
389,293
389,309
389,359
389,381
390,102
390,109
390,113
390,118
390,182
390,187
390,191
390,195
390,215
390,230
390,243
390,262
390,270
390,298
390,308
390,373
390,427
391,128
391,132
391,136
391,147
391,161
391,170
391,175
391,179
391,204
391,214
391,228
391,241
391,262
391,283
391,303
391,342
391,412
392,104
392,108
392,113
392,192
392,196
392,207
392,228
392,244
392,264
392,291
392,345
392,408
392,419
393,120
393,124
393,128
393,132
393,136
393,142
393,160
393,169
393,173
393,177
393,181
393,185
393,205
393,220
393,230
393,243
393,263
393,297
393,342
393,407
393,433
394,189
394,212
394,225
394,253
394,284
394,294
394,338
394,397
394,401
394,405
394,441
395,102
395,111
395,117
395,200
395,224
395,239
395,258
395,289
395,314
395,345
395,393
395,397
396,124
396,129
396,133
396,138
396,146
396,153
396,158
396,163
396,167
396,174
396,198
396,214
396,223
396,250
396,271
396,280
396,325
396,330
396,386
396,390
397,98
397,104
397,192
397,214
397,231
397,247
397,273
397,284
397,321
397,334
397,338
397,376
397,380
397,384
397,405
398,96
398,111
398,115
398,119
398,125
398,131
398,136
398,142
398,147
398,152
398,157
398,163
398,169
398,200
398,223
398,245
398,252
398,279
398,328
398,370
398,388
398,407
399,98
399,177
399,198
399,212
399,229
399,249
399,269
399,310
399,314
399,362
399,366
399,388
399,409
400,113
400,173
400,193
400,218
400,231
400,242
400,264
400,275
400,319
400,324
400,359
400,381
400,409
401,120
401,133
401,138
401,142
401,146
401,150
401,155
401,161
401,180
401,197
401,210
401,226
401,240
401,262
401,271
401,303
401,315
401,349
401,353
401,372
401,387
401,425
402,100
402,171
402,177
402,205
402,224
402,242
402,259
402,268
402,300
402,311
402,345
402,382
402,406
403,93
403,111
403,115
403,128
403,133
403,137
403,141
403,146
403,150
403,154
403,158
403,164
403,192
403,209
403,227
403,240
403,256
403,292
403,296
403,312
403,337
403,341
403,397
403,428
404,193
404,206
404,216
404,233
404,239
404,260
404,289
404,301
404,329
404,333
404,385
404,405
405,96
405,103
405,107
405,111
405,163
405,170
405,192
405,211
405,224
405,237
405,257
405,281
405,285
405,297
405,322
405,326
405,385
405,412
406,126
406,135
406,139
406,144
406,150
406,175
406,189
406,204
406,221
406,233
406,245
406,276
406,289
406,293
406,312
406,316
406,381
406,407
407,89
407,100
407,114
407,167
407,199
407,209
407,219
407,232
407,255
407,282
407,286
407,310
407,394
408,110
408,122
408,131
408,137
408,142
408,146
408,151
408,173
408,186
408,205
408,225
408,240
408,266
408,277
408,296
408,300
408,304
408,379
408,438
409,168
409,196
409,200
409,217
409,238
409,248
409,263
409,274
409,293
409,374
409,390
409,410
410,101
410,105
410,109
410,159
410,172
410,188
410,207
410,226
410,236
410,257
410,269
410,286
410,290
410,390
410,403
410,407
410,411
411,89
411,115
411,120
411,126
411,135
411,145
411,151
411,167
411,189
411,196
411,202
411,213
411,231
411,239
411,262
411,266
411,282
411,408
412,160
412,182
412,194
412,205
412,216
412,235
412,258
412,271
412,275
412,391
412,409
413,98
413,102
413,106
413,110
413,114
413,118
413,123
413,127
413,139
413,145
413,150
413,155
413,181
413,192
413,209
413,223
413,232
413,253
413,262
413,266
413,270
413,385
413,393
413,410
414,187
414,201
414,216
414,228
414,248
414,259
414,391
414,410
414,420
415,168
415,203
415,214
415,224
415,243
415,253
415,378
415,391
416,87
416,182
416,194
416,209
416,229
416,255
416,406
416,414
417,90
417,95
417,165
417,190
417,205
417,224
417,235
417,240
417,251
417,397
418,103
418,107
418,123
418,173
418,193
418,211
418,215
418,227
418,231
418,244
418,383
418,409
419,94
419,110
419,114
419,148
419,196
419,221
419,225
419,242
419,250
419,379
419,393
419,414
420,158
420,162
420,213
420,217
420,234
420,244
420,382
420,433
421,115
421,136
421,145
421,149
421,153
421,158
421,165
421,169
421,173
421,177
421,181
421,186
421,190
421,197
421,208
421,217
421,232
421,244
421,255
421,392
421,414
422,207
422,226
422,236
422,245
422,252
422,396
422,409
422,432
423,107
423,111
423,198
423,204
423,218
423,235
423,245
423,374
423,414
424,112
424,160
424,173
424,179
424,196
424,217
424,233
424,242
424,253
424,400
424,404
425,185
425,189
425,197
425,210
425,216
425,228
425,239
425,249
425,256
425,393
425,414
426,117
426,208
426,216
426,234
426,250
426,387
426,393
427,189
427,196
427,205
427,215
427,224
427,232
427,244
427,258
427,393
427,414
428,108
428,123
428,157
428,196
428,205
428,216
428,240
428,249
428,258
428,381
428,406
429,112
429,116
429,131
429,164
429,186
429,210
429,219
429,231
429,241
429,250
429,260
429,395
429,399
429,407
430,180
430,194
430,209
430,227
430,236
430,253
430,264
430,374
430,402
431,106
431,186
431,207
431,221
431,233
431,244
431,253
431,261
431,383
432,115
432,184
432,199
432,220
432,229
432,245
432,255
432,270
432,274
432,393
433,100
433,111
433,121
433,156
433,185
433,193
433,203
433,209
433,222
433,233
433,237
433,251
433,266
433,276
433,389
433,396
434,107
434,120
434,165
434,184
434,200
434,215
434,222
434,239
434,248
434,257
434,268
434,279
434,392
434,402
435,172
435,189
435,208
435,218
435,226
435,237
435,245
435,251
435,261
435,273
435,285
435,402
435,407
436,124
436,188
436,197
436,209
436,221
436,232
436,251
436,263
436,286
436,377
436,389
437,108
437,184
437,211
437,226
437,234
437,241
437,255
437,265
437,274
437,290
437,396
437,429
438,112
438,116
438,178
438,202
438,214
438,220
438,235
438,245
438,259
438,272
438,284
438,288
438,293
438,297
439,109
439,121
439,165
439,177
439,202
439,214
439,225
439,237
439,250
439,265
439,278
439,299
439,303
439,394
439,416
440,118
440,177
440,206
440,218
440,225
440,231
440,243
440,254
440,270
440,280
440,302
440,306
440,382
440,389
441,109
441,176
441,193
441,200
441,209
441,225
441,234
441,241
441,252
441,263
441,281
441,285
441,295
441,308
441,398
441,438
442,137
442,182
442,192
442,201
442,209
442,217
442,233
442,244
442,252
442,258
442,268
442,276
442,289
442,297
442,312
442,407
442,412
442,418
443,113
443,158
443,179
443,205
443,217
443,227
443,235
443,247
443,255
443,272
443,279
443,302
443,306
443,314
443,379
444,104
444,114
444,118
444,149
444,178
444,185
444,203
444,217
444,231
444,239
444,248
444,261
444,273
444,287
444,316
444,320
444,407
445,122
445,157
445,186
445,194
445,199
445,206
445,218
445,227
445,241
445,249
445,257
445,271
445,282
445,290
445,320
445,324
445,392
445,422
446,164
446,177
446,206
446,220
446,229
446,238
446,252
446,263
446,282
446,292
446,304
446,308
446,313
446,327
446,389
446,407
447,119
447,133
447,176
447,188
447,203
447,211
447,220
447,227
447,236
447,244
447,255
447,270
447,283
447,296
447,315
447,333
447,407
448,119
448,156
448,179
448,187
448,198
448,215
448,230
448,241
448,254
448,267
448,285
448,301
448,305
448,319
448,323
448,335
448,392
448,405
449,112
449,116
449,146
449,188
449,198
449,210
449,221
449,235
449,243
449,254
449,261
449,268
449,280
449,296
449,312
449,389
449,406
450,119
450,169
450,192
450,204
450,212
450,232
450,242
450,258
450,269
450,279
450,288
450,298
450,341
450,345
450,394
450,408
451,154
451,188
451,201
451,222
451,230
451,242
451,256
451,267
451,285
451,300
451,318
451,347
451,391
451,412
452,140
452,163
452,186
452,201
452,216
452,222
452,235
452,245
452,256
452,265
452,277
452,290
452,302
452,306
452,310
452,351
452,371
452,389
452,406
452,416
453,125
453,168
453,189
453,197
453,209
453,222
453,229
453,243
453,248
453,257
453,268
453,292
453,312
453,347
453,371
454,104
454,121
454,159
454,178
454,187
454,198
454,211
454,231
454,240
454,250
454,257
454,266
454,276
454,285
454,298
454,302
454,314
454,355
454,361
454,374
454,383
454,416
455,115
455,119
455,128
455,172
455,191
455,205
455,216
455,233
455,246
455,263
455,271
455,282
455,289
455,316
455,321
455,362
455,371
455,386
455,390
455,408
456,121
456,175
456,185
456,199
456,217
456,227
456,234
456,246
456,253
456,261
456,270
456,283
456,297
456,312
456,368
456,381
456,394
456,399
457,124
457,155
457,184
457,199
457,207
457,218
457,230
457,243
457,255
457,265
457,279
457,299
457,329
457,372
457,385
457,411
458,127
458,182
458,194
458,214
458,227
458,243
458,256
458,261
458,271
458,288
458,299
458,303
458,315
458,375
458,398
458,415
459,121
459,138
459,185
459,197
459,212
459,220
459,232
459,240
459,251
459,266
459,274
459,294
459,307
459,318
459,374
459,382
459,401
459,415
460,115
460,182
460,205
460,222
460,232
460,241
460,249
460,261
460,273
460,283
460,298
460,310
460,347
460,377
460,391
460,407
461,105
461,117
461,121
461,128
461,184
461,195
461,204
461,216
461,224
461,234
461,243
461,255
461,261
461,267
461,279
461,293
461,304
461,313
461,379
461,387
461,399
462,137
462,164
462,200
462,219
462,232
462,241
462,250
462,264
462,276
462,288
462,314
462,318
462,343
462,393
462,407
463,153
463,169
463,195
463,206
463,216
463,230
463,239
463,247
463,254
463,265
463,272
463,289
463,309
463,360
463,407
464,122
464,160
464,177
464,182
464,200
464,216
464,231
464,244
464,257
464,267
464,287
464,299
464,394
464,403
465,114
465,164
465,187
465,207
465,214
465,228
465,241
465,252
465,264
465,277
465,298
465,304
465,357
465,396
465,404
465,408
466,115
466,119
466,128
466,198
466,209
466,218
466,229
466,237
466,247
466,257
466,265
466,279
466,293
466,306
466,392
466,417
467,125
467,176
467,205
467,220
467,231
467,239
467,249
467,262
467,273
467,284
467,296
467,315
467,394
467,411
467,415
468,113
468,169
468,199
468,217
468,227
468,234
468,251
468,257
468,266
468,276
468,286
468,301
468,318
469,103
469,155
469,167
469,203
469,229
469,245
469,254
469,260
469,278
469,304
469,404
470,124
470,142
470,173
470,177
470,203
470,214
470,231
470,238
470,248
470,260
470,267
470,279
470,286
470,294
470,312
470,316
470,394
470,411
470,415
471,103
471,136
471,156
471,183
471,197
471,221
471,240
471,252
471,263
471,284
471,297
471,397
472,102
472,185
472,195
472,212
472,217
472,232
472,243
472,256
472,264
472,275
472,295
472,303
472,399
472,418
473,147
473,159
473,205
473,219
473,229
473,240
473,253
473,261
473,269
473,282
473,291
473,303
473,400
473,410
473,416
474,104
474,128
474,205
474,214
474,222
474,241
474,256
474,269
474,280
474,292
474,303
474,381
475,110
475,156
475,167
475,200
475,216
475,227
475,234
475,243
475,255
475,267
475,277
475,295
475,306
475,332
475,400
475,406
475,419
476,117
476,162
476,207
476,223
476,239
476,250
476,258
476,267
476,275
476,299
476,315
476,366
476,396
476,406
477,122
477,142
477,168
477,201
477,212
477,237
477,249
477,258
477,266
477,277
477,302
477,317
477,351
477,393
477,412
477,416
478,146
478,175
478,220
478,229
478,245
478,251
478,260
478,281
478,291
478,311
478,315
478,346
478,399
478,423
479,133
479,177
479,203
479,209
479,221
479,232
479,242
479,252
479,266
479,274
479,298
479,342
479,382
479,401
480,153
480,185
480,218
480,227
480,243
480,251
480,260
480,264
480,281
480,293
480,338
480,384
481,140
481,179
481,207
481,214
481,228
481,237
481,251
481,268
481,283
481,294
481,307
481,386
481,390
482,142
482,176
482,192
482,209
482,220
482,230
482,238
482,248
482,259
482,269
482,283
482,292
482,321
482,393
482,409
482,417
483,135
483,147
483,166
483,198
483,220
483,233
483,251
483,263
483,269
483,280
483,294
483,310
483,399
483,409
484,140
484,177
484,202
484,236
484,243
484,260
484,270
484,281
484,296
484,307
484,333
485,144
485,153
485,186
485,215
485,228
485,245
485,255
485,263
485,273
485,298
485,334
485,405
486,155
486,169
486,206
486,221
486,235
486,247
486,251
486,265
486,274
486,287
486,328
486,399
486,403
487,160
487,174
487,214
487,238
487,245
487,256
487,269
487,285
487,296
487,312
487,366
488,162
488,174
488,201
488,216
488,234
488,243
488,255
488,267
488,278
488,297
488,337
488,372
488,378
489,187
489,219
489,227
489,238
489,249
489,264
489,279
489,287
489,296
489,384
489,410
490,167
490,190
490,215
490,228
490,240
490,252
490,267
490,279
490,287
490,305
490,396
491,182
491,225
491,244
491,258
491,264
491,276
491,289
491,307
492,174
492,194
492,227
492,254
492,263
492,269
492,282
492,301
492,363
492,427
493,185
493,201
493,230
493,242
493,252
493,265
493,272
493,282
493,296
493,328
493,385
494,188
494,217
494,235
494,253
494,262
494,278
494,286
494,300
494,391
495,183
495,196
495,224
495,256
495,264
495,284
495,311
495,362
495,370
495,403
496,192
496,217
496,239
496,252
496,266
496,280
496,291
496,298
496,313
496,375
497,183
497,195
497,208
497,253
497,274
497,294
497,346
497,350
497,354
497,379
497,386
497,407
498,195
498,224
498,258
498,270
498,278
498,296
498,355
498,365
498,393
499,187
499,203
499,227
499,259
499,280
499,292
499,357
499,370
499,382
499,412
500,238
500,260
500,273
500,283
500,294
500,320
500,375
500,386
500,397
501,191
501,201
501,211
501,230
501,273
501,286
501,302
501,357
501,382
501,407
502,196
502,209
502,228
502,261
502,274
502,280
502,293
502,305
502,360
502,388
502,401
502,430
503,233
503,270
503,282
503,294
503,349
503,391
503,396
503,426
504,205
504,226
504,245
504,280
504,306
504,348
504,372
504,399
505,208
505,236
505,273
505,286
505,294
505,346
505,386
505,402
505,406
506,201
506,213
506,230
506,262
506,281
506,304
506,365
506,393
507,202
507,219
507,251
507,279
507,295
507,306
507,355
507,397
507,401
508,203
508,210
508,231
508,252
508,280
508,308
508,405
508,427
509,215
509,233
509,254
509,275
509,286
509,298
509,359
509,410
510,212
510,222
510,243
510,282
510,332
510,372
510,409
510,436
511,215
511,244
511,284
511,295
511,337
511,364
511,402
511,423
512,226
512,242
512,254
512,277
512,301
512,365
512,388
512,409
513,215
513,244
513,284
513,301
513,405
513,413
514,224
514,239
514,259
514,287
514,333
514,383
514,409
515,217
515,234
515,260
515,289
515,299
515,357
515,409
516,219
516,231
516,251
516,285
516,304
516,376
516,406
516,424
517,220
517,249
517,300
517,332
517,396
517,420
518,221
518,251
518,273
518,302
518,385
518,406
518,414
519,222
519,243
519,268
519,305
519,388
519,409
520,218
520,238
520,275
520,328
520,392
520,407
520,424
521,231
521,273
521,293
521,332
521,393
522,224
522,255
522,280
522,314
522,395
522,406
523,225
523,242
523,261
523,302
523,317
523,400
523,412
524,222
524,248
524,278
524,307
524,326
524,404
525,229
525,241
525,280
525,316
525,358
525,405
525,419
526,236
526,253
526,287
526,318
526,336
526,411
527,228
527,236
527,246
527,267
527,284
527,327
527,411
527,421
528,243
528,264
528,286
528,330
529,229
529,244
529,256
529,287
529,318
529,332
529,364
530,231
530,239
530,258
530,289
530,330
530,426
531,246
531,269
531,295
531,337
531,350
531,414
532,235
532,250
532,293
532,334
533,233
533,248
533,270
533,294
533,336
533,354
533,426
534,239
534,259
534,274
534,302
534,339
534,374
535,235
535,260
535,276
535,304
535,337
535,414
536,242
536,258
536,300
536,339
536,363
536,423
537,255
537,275
537,308
537,349
538,237
538,253
538,268
538,309
538,348
538,370
538,431
539,243
539,257
539,281
539,312
539,375
540,238
540,260
540,286
540,313
540,364
541,244
541,267
541,290
541,315
541,352
541,377
541,410
542,240
542,256
542,301
542,333
542,366
543,244
543,261
543,287
543,319
543,368
543,372
544,241
544,259
544,275
544,316
544,364
545,241
545,252
545,263
545,294
545,323
545,376
545,426
546,253
546,265
546,291
546,325
546,366
546,377
547,242
547,253
547,277
547,302
547,327
547,370
547,393
548,247
548,264
548,294
548,329
548,374
548,408
549,250
549,268
549,299
549,331
549,359
549,400
550,249
550,259
550,296
550,325
550,382
550,414
551,250
551,267
551,283
551,335
551,384
551,426
552,268
552,285
552,305
552,336
552,362
552,395
553,252
553,269
553,333
553,383
553,397
554,247
554,262
554,307
554,399
555,253
555,270
555,283
555,304
555,354
555,388
555,414
556,253
556,289
556,316
556,337
556,352
557,249
557,260
557,290
557,311
557,355
557,397
558,255
558,274
558,308
558,336
558,349
558,399
559,251
559,267
559,289
559,315
559,402
560,252
560,265
560,311
560,352
560,404
561,253
561,279
561,312
561,353
561,408
562,257
562,278
562,306
562,349
562,414
563,259
563,283
563,320
563,358
563,424
564,280
564,317
564,352
564,414
565,255
565,269
565,284
565,322
565,353
565,377
566,261
566,272
566,285
566,308
566,334
566,368
566,428
567,264
567,286
567,314
567,330
567,358
567,410
568,257
568,286
568,305
568,359
568,414
569,263
569,272
569,301
569,351
569,370
570,261
570,288
570,325
570,346
570,375
570,428
571,274
571,290
571,327
571,365
572,260
572,286
572,308
572,367
572,414
573,260
573,275
573,289
573,329
573,343
573,377
574,261
574,290
574,331
574,353
574,414
575,270
575,294
575,323
575,345
575,381
575,429
576,271
576,282
576,313
576,340
576,412
577,263
577,291
577,341
577,385
577,411
578,270
578,288
578,312
578,363
578,405
579,265
579,291
579,332
579,345
579,380
579,406
579,424
580,274
580,295
580,318
580,382
580,423
581,283
581,315
581,347
581,402
581,413
582,273
582,287
582,310
582,349
582,395
582,416
583,277
583,302
583,330
583,351
583,406
584,285
584,303
584,323
584,398
584,413
585,269
585,287
585,309
585,340
585,373
585,439
586,290
586,326
586,355
586,403
586,429
587,277
587,302
587,323
587,350
587,413
587,441
588,280
588,307
588,329
588,381
588,426
589,282
589,305
589,331
589,409
589,424
590,291
590,309
590,354
590,411
590,426
591,283
591,310
591,336
591,362
591,424
592,286
592,311
592,345
592,373
592,434
593,293
593,312
593,341
593,371
593,423
594,294
594,327
594,360
594,408
595,295
595,315
595,336
595,361
595,414
596,299
596,315
596,363
596,412
597,277
597,297
597,317
597,370
597,428
598,288
598,314
598,348
598,412
599,279
599,302
599,318
599,368
600,279
600,300
600,338
600,375
600,415
601,288
601,304
601,339
601,377
602,282
602,318
602,347
602,415
603,290
603,306
603,342
603,373
603,415
604,291
604,311
604,342
604,375
605,283
605,295
605,308
605,344
605,383
606,284
606,313
606,334
606,355
606,385
607,285
607,309
607,380
607,420
608,294
608,315
608,348
608,388
609,294
609,318
609,330
609,364
609,415
610,291
610,312
610,345
610,387
611,287
611,309
611,343
611,392
612,288
612,313
612,352
612,390
612,434
613,297
613,311
613,333
613,395
614,290
614,317
614,340
614,361
614,415
615,290
615,313
615,347
615,415
616,291
616,309
616,324
616,357
616,412
617,292
617,334
617,374
617,432
618,304
618,332
618,339
618,415
618,441
619,306
619,336
619,366
619,424
620,303
620,336
620,361
620,368
620,415
621,303
621,322
621,346
621,408
621,424
622,305
622,323
622,403
623,296
623,324
623,343
623,371
623,424
624,309
624,367
624,415
625,298
625,310
625,326
625,341
625,352
625,375
626,307
626,333
626,408
627,306
627,340
627,370
627,415
628,300
628,315
628,349
628,415
629,313
629,334
629,378
629,420
630,314
630,357
630,379
631,312
631,327
631,352
631,389
632,316
632,376
632,422
633,321
633,333
633,356
633,383
634,310
634,351
634,415
635,315
635,334
635,379
636,316
636,338
636,381
636,432
637,333
637,388
638,307
638,334
638,359
638,415
639,321
639,356
639,408
640,322
640,358
640,420
641,324
641,340
641,368
641,387
642,309
642,349
642,395
643,321
643,341
643,372
644,311
644,325
644,362
644,415
645,326
645,350
645,398
646,318
646,359
646,412
647,319
647,342
647,365
648,314
648,342
648,370
649,326
649,347
649,380
650,315
650,336
650,372
651,328
651,349
651,399
652,328
652,361
652,437
653,347
653,375
653,415
654,333
654,367
654,413
655,331
655,353
655,411
656,324
656,354
656,405
657,320
657,355
657,415
658,336
658,381
658,427
659,350
659,381
660,335
660,382
661,323
661,339
661,358
661,415
662,337
662,370
662,412
663,353
663,415
664,341
664,415
665,342
665,382
666,327
666,389
667,340
667,364
668,344
668,425
669,340
669,360
670,330
670,367
670,393
671,331
671,368
672,357
672,436
673,350
673,415
674,349
674,391
675,333
675,371
675,431
676,347
676,372
677,335
677,372
677,418
678,370
678,395
679,336
679,375
680,351
680,375
680,421
681,361
681,422
682,350
682,377
682,424
683,379
683,428
684,364
684,402
684,422
685,355
685,408
685,426
686,378
686,424
687,362
687,383
687,412
688,351
688,379
688,424
689,380
690,350
690,385
690,415
691,363
691,414
692,360
692,387
692,415
693,412
694,362
694,383
694,415
695,363
695,389
696,349
696,390
697,386
697,413
698,356
698,370
699,366
699,415
