0 124
10 167
42 189
61 191
77 209
86 209
101 258
103 335
104 353
100 355
102 356
101 360
92 364
87 365
83 362
81 363
79 364
73 375
65 376
68 380
69 385
64 394
58 395
62 386
59 388
57 389
56 393
51 393
36 392
35 392
33 380
39 372
45 372
47 372
48 372
49 377
53 378
55 379
56 374
60 374
64 372
65 362
67 359
70 360
74 359
71 357
68 355
64 360
62 360
58 358
55 358
50 363
42 362
41 362
38 362
34 362
39 356
40 355
43 358
44 355
45 350
49 343
47 342
46 342
31 351
26 359
25 355
22 345
17 350
18 356
15 356
12 351
7 352
9 342
8 342
4 342
5 346
1 351
2 374
6 376
10 390
13 390
19 390
27 391
28 391
29 391
32 392
25 405
23 417
31 433
50 432
52 431
75 430
77 429
79 421
96 436
118 436
130 436
132 436
138 433
141 432
158 439
165 431
167 431
168 429
166 422
172 428
175 427
185 428
183 421
179 413
184 413
188 413
193 408
195 410
194 413
196 413
198 413
200 413
202 410
199 405
203 402
197 399
192 403
191 404
190 404
189 406
187 408
186 408
182 410
181 410
180 410
176 410
174 410
171 413
169 410
152 388
146 382
145 383
144 383
142 385
139 387
138 388
135 389
143 400
147 410
150 410
154 410
155 410
163 413
162 413
160 413
159 413
157 413
156 413
153 413
151 413
149 413
148 413
146 421
144 413
140 408
136 408
134 413
125 412
124 412
123 405
126 406
127 408
131 406
133 408
135 406
137 401
132 392
129 394
120 393
117 402
110 393
101 394
106 403
103 408
107 408
108 408
111 404
115 409
119 407
122 408
121 412
120 412
116 412
114 412
111 414
109 412
105 413
104 413
97 412
97 408
93 403
92 406
91 407
90 406
88 406
81 404
71 408
80 392
83 395
86 392
85 379
84 376
89 376
95 369
99 368
100 365
109 369
102 369
101 372
98 374
100 376
97 377
96 381
99 379
103 377
106 377
108 381
114 371
125 365
124 368
123 375
122 377
121 381
119 382
118 382
116 381
122 390
125 389
124 385
126 385
125 383
128 380
130 373
129 366
137 367
136 371
134 372
140 379
141 379
150 372
151 371
153 369
155 366
159 365
160 362
161 346
166 362
175 361
171 364
170 365
168 366
167 367
165 367
163 370
162 370
158 373
157 375
161 382
164 384
165 384
173 378
172 375
177 372
178 374
185 369
179 359
183 356
184 355
181 323
182 316
186 312
189 299
191 300
190 319
188 352
193 360
195 357
198 356
192 349
196 347
199 344
204 347
206 349
201 357
208 370
210 359
216 357
217 354
230 361
233 368
231 370
229 369
219 378
218 380
211 386
228 377
235 372
237 368
236 366
240 358
243 364
245 362
248 359
250 357
252 355
268 379
267 384
280 404
270 413
269 413
264 413
260 410
257 413
253 413
251 411
249 411
247 410
246 408
241 408
242 410
239 413
238 413
233 413
232 411
230 413
227 410
225 413
224 413
223 413
222 411
215 413
214 411
213 413
212 413
209 413
207 413
206 413
205 413
204 413
208 439
210 434
214 428
216 426
217 424
221 426
226 426
229 428
227 439
237 434
240 428
243 428
246 426
247 428
256 424
263 420
266 420
272 428
262 427
258 427
254 433
268 438
271 438
277 437
279 437
278 425
281 422
282 422
283 421
284 421
284 417
284 413
288 415
290 416
291 417
287 419
288 421
286 425
288 425
289 431
292 436
293 441
294 432
295 424
298 421
299 424
301 426
306 426
303 420
299 417
302 413
304 410
308 413
309 413
310 410
315 413
317 410
318 410
319 410
320 410
323 413
325 413
328 410
329 406
331 410
334 413
336 413
337 413
339 413
340 413
343 420
341 421
338 426
329 419
327 419
322 422
312 432
316 436
314 440
321 439
332 441
335 441
354 438
358 435
367 437
370 429
359 428
356 427
352 431
345 429
346 427
350 421
349 413
342 410
344 410
348 410
351 410
354 410
353 413
355 413
361 420
363 420
365 419
366 413
364 410
359 408
358 404
360 394
365 388
362 387
363 385
368 377
367 372
367 367
369 364
372 365
371 367
370 371
385 383
389 381
390 373
398 370
399 366
399 362
400 359
401 353
389 359
375 353
374 357
371 355
347 366
346 368
345 368
341 371
339 373
337 378
335 382
333 387
334 357
327 350
326 352
324 355
322 358
321 359
316 363
314 366
312 369
313 373
311 376
307 377
305 380
292 386
292 390
293 390
294 392
295 395
294 396
300 410
297 413
296 413
295 413
294 411
293 410
292 408
291 409
285 407
283 404
282 403
284 404
287 403
285 402
286 400
287 394
287 390
287 386
276 373
274 375
272 373
273 372
275 371
278 371
279 362
282 362
284 363
285 362
281 360
283 357
288 358
289 357
286 353
287 352
292 353
290 349
291 348
294 344
299 346
296 341
289 330
293 322
295 321
297 320
301 328
305 331
303 334
302 334
304 338
300 338
298 340
301 342
306 344
310 342
313 349
320 351
321 349
325 346
328 341
330 338
331 336
332 342
338 357
344 360
349 360
350 357
352 355
348 353
351 346
352 344
353 343
355 348
356 345
357 344
369 348
373 350
376 350
377 349
383 352
388 351
392 345
391 342
393 342
394 338
397 334
397 338
395 345
401 349
402 345
403 341
403 337
404 333
404 329
405 326
405 322
400 324
396 325
398 328
396 330
381 335
380 338
379 340
374 338
365 335
361 335
359 337
354 340
355 338
357 333
358 332
362 332
364 328
360 327
361 325
363 321
364 318
365 317
359 312
362 306
367 308
370 306
371 305
375 302
373 307
372 309
369 310
367 314
370 315
368 318
366 323
372 327
376 334
378 335
382 330
383 327
384 326
381 323
383 318
386 320
387 316
397 321
400 319
399 314
401 315
406 316
406 312
407 310
403 312
402 311
399 310
395 314
390 308
389 309
388 311
385 314
380 310
386 307
387 305
391 303
393 297
390 298
384 296
389 293
392 291
395 289
394 294
401 303
408 304
408 300
404 301
402 300
403 296
405 297
408 296
409 293
406 293
403 292
404 289
406 289
410 290
410 286
407 286
405 285
411 282
407 282
405 281
406 276
408 277
409 274
412 275
412 271
413 270
410 269
408 266
411 266
413 266
413 262
414 259
412 258
410 257
411 262
409 263
404 260
405 257
407 255
413 253
415 253
416 255
417 251
419 250
422 252
421 255
425 256
427 258
428 258
432 255
434 257
429 260
431 261
430 264
433 266
436 263
435 261
438 259
442 258
437 255
440 254
443 255
442 252
441 252
439 250
436 251
435 251
433 251
431 253
430 253
424 253
425 249
426 250
428 249
429 250
431 244
432 245
434 248
435 245
438 245
440 243
437 241
434 239
429 241
428 240
425 239
424 242
427 244
423 245
422 245
421 244
420 244
418 244
419 242
417 240
415 243
414 248
409 248
406 245
408 240
411 239
409 238
410 236
412 235
417 235
420 234
422 236
423 235
426 234
424 233
421 232
418 231
418 227
416 229
414 228
413 223
415 224
417 224
419 221
419 225
422 226
425 228
427 232
429 231
431 233
430 236
433 233
436 232
437 234
433 237
435 237
439 237
438 235
441 234
443 235
442 233
444 231
440 231
437 226
435 226
432 229
430 227
427 224
431 221
432 220
433 222
434 222
436 221
435 218
438 220
439 225
440 225
441 225
443 227
445 227
447 227
446 229
448 230
450 232
451 230
453 229
457 230
459 232
460 232
462 232
463 230
465 228
468 227
469 229
468 234
467 231
466 229
464 231
461 234
459 240
460 241
458 243
461 243
462 241
463 239
466 237
467 239
470 238
471 240
473 240
474 241
475 243
472 243
470 248
471 252
473 253
472 256
469 254
468 257
466 257
464 257
458 256
457 255
461 255
463 254
462 250
465 252
468 251
467 249
466 247
469 245
465 241
464 244
463 247
460 249
459 251
456 253
454 250
453 248
455 246
456 246
457 243
452 245
449 243
447 244
448 241
450 242
451 242
453 243
454 240
456 234
455 233
454 231
452 235
449 235
447 236
446 238
444 239
445 241
441 241
442 244
443 247
444 248
445 249
446 252
449 254
448 254
447 255
445 257
444 261
441 263
439 265
437 265
434 268
432 270
432 274
433 276
435 273
437 274
438 272
440 270
443 272
442 268
448 267
446 263
449 261
450 258
451 256
452 256
453 257
454 257
456 261
458 261
460 261
461 261
457 265
455 263
452 265
454 266
453 268
451 267
450 269
449 268
447 270
445 271
444 273
442 276
443 279
441 281
440 280
439 278
434 279
435 285
436 286
438 284
441 285
445 282
446 282
447 283
448 285
444 287
450 288
451 285
454 285
452 290
453 292
446 292
445 290
442 289
438 288
437 290
438 293
441 295
442 297
438 297
439 299
439 303
440 302
443 302
447 296
449 296
450 298
454 298
451 300
448 301
446 304
448 305
452 302
454 302
452 306
452 310
453 312
456 312
454 314
449 312
446 308
443 306
440 306
441 308
442 312
443 314
446 313
447 315
444 316
444 320
445 320
448 319
451 318
455 316
458 315
462 314
461 313
460 310
459 307
458 303
458 299
457 299
456 297
455 289
458 288
460 283
456 283
455 282
449 280
450 279
452 277
454 276
455 271
456 270
458 271
459 274
457 279
461 279
462 276
460 273
463 272
461 267
459 266
462 264
463 265
464 267
470 267
468 266
466 265
465 264
467 262
469 260
470 260
473 261
471 263
472 264
473 269
467 273
468 276
465 277
466 279
469 278
470 279
472 275
475 277
477 277
476 275
479 274
474 269
475 267
476 267
477 266
479 266
480 264
483 263
481 268
482 269
483 269
484 270
486 265
485 263
484 260
482 259
480 260
478 260
477 258
476 258
474 256
475 255
476 250
477 249
478 251
479 252
480 251
481 251
482 248
483 251
485 255
487 256
488 255
491 258
489 264
490 267
493 265
491 264
492 263
494 262
495 264
496 266
492 269
488 267
487 269
485 273
486 274
493 272
491 276
494 278
496 280
493 282
492 282
490 279
489 279
488 278
484 281
487 285
486 287
489 287
490 287
491 289
494 286
495 284
496 291
493 296
496 298
494 300
492 301
489 296
488 297
487 296
485 298
484 296
483 294
482 292
481 294
480 293
478 291
481 283
482 283
483 280
480 281
478 281
474 280
473 282
471 284
470 286
468 286
467 284
464 287
462 288
463 289
461 293
459 294
460 298
464 299
465 298
467 296
466 293
470 294
471 297
472 295
473 291
474 292
475 295
479 298
476 299
477 302
474 303
473 303
472 303
468 301
465 304
461 304
463 309
466 306
469 304
475 306
478 311
478 315
477 317
476 315
470 312
467 315
470 316
468 318
462 318
459 318
455 321
448 323
445 324
446 327
447 333
448 335
450 341
450 345
451 347
453 347
452 351
454 355
454 361
455 362
452 371
453 371
454 374
458 375
460 377
461 379
459 382
456 381
454 383
455 386
457 385
461 387
460 391
455 390
452 389
451 391
449 389
446 389
445 392
448 392
450 394
441 398
448 405
449 406
447 407
446 407
444 407
442 407
435 407
434 402
435 402
437 396
439 394
436 389
440 389
440 382
443 379
436 377
430 374
431 383
433 389
434 392
432 393
433 396
429 395
429 399
430 402
428 406
429 407
427 414
425 414
423 414
421 414
419 414
422 409
424 404
424 400
425 393
426 393
427 393
426 387
428 381
423 374
420 382
418 383
419 379
415 378
413 385
414 391
415 391
419 393
421 392
422 396
417 397
413 393
412 391
410 390
409 390
407 394
403 397
401 387
404 385
405 385
406 381
408 379
409 374
401 372
397 376
397 380
400 381
402 382
397 384
396 386
399 388
398 388
396 390
395 393
395 397
394 397
394 401
394 405
393 407
392 408
391 412
392 419
384 415
381 413
387 410
382 408
380 409
379 410
378 410
376 413
375 413
374 413
373 410
368 413
371 418
377 426
380 434
374 440
385 440
387 435
385 425
390 427
393 433
394 441
408 438
403 428
401 425
405 412
400 409
399 409
398 407
397 405
402 406
404 405
406 407
410 403
410 407
409 410
410 411
411 408
412 409
413 410
414 410
416 406
418 409
416 414
414 420
420 433
422 432
441 438
437 429
445 422
442 418
439 416
442 412
452 416
454 416
458 415
459 415
466 417
467 415
470 415
472 418
475 419
478 423
482 417
477 416
473 416
477 412
476 406
475 406
473 410
470 411
467 411
469 404
465 404
464 403
465 408
463 407
462 407
460 407
457 411
451 412
450 408
452 406
455 408
459 401
456 399
458 398
456 394
462 393
461 399
465 396
464 394
466 392
467 394
470 394
471 397
472 399
473 400
475 400
478 399
479 401
483 399
486 399
486 403
485 405
482 409
483 409
489 410
492 427
503 426
502 430
510 436
508 427
511 423
516 424
517 420
520 424
527 421
530 426
533 426
538 431
536 423
541 410
535 414
531 414
525 419
518 414
523 412
526 411
527 411
525 405
524 404
523 400
522 406
520 407
519 409
518 406
516 406
515 409
514 409
513 413
509 410
510 409
512 409
513 405
511 402
508 405
505 406
501 407
499 412
497 407
495 403
502 401
505 402
507 401
504 399
500 397
503 396
507 397
506 393
503 391
502 388
500 386
505 386
512 388
517 396
522 395
521 393
520 392
519 388
518 385
514 383
534 374
539 375
541 377
543 372
543 368
542 366
546 366
544 364
540 364
538 370
536 363
529 364
525 358
515 357
511 364
512 365
516 376
510 372
504 372
501 382
499 382
497 379
496 375
500 375
499 370
495 370
488 372
488 378
489 384
493 385
497 386
498 393
494 391
490 396
482 393
476 396
477 393
481 390
481 386
480 384
479 382
474 381
459 374
457 372
455 371
456 368
463 360
465 357
460 347
462 343
457 329
475 332
480 338
479 342
478 346
477 351
476 366
487 366
492 363
495 362
497 354
498 355
499 357
501 357
502 360
498 365
506 365
509 359
507 355
505 346
504 348
503 349
497 350
497 346
488 337
485 334
484 333
493 328
486 328
482 321
487 312
483 310
481 307
484 307
490 305
491 307
495 311
496 313
500 320
510 332
511 337
514 333
517 332
521 332
520 328
524 326
526 336
529 332
532 334
531 337
533 336
535 337
534 339
536 339
538 348
537 349
531 350
533 354
541 352
549 359
552 362
557 355
555 354
556 352
558 349
560 352
561 353
562 349
564 352
565 353
563 358
567 358
568 359
574 353
569 351
570 346
575 345
573 343
566 334
567 330
558 336
556 337
552 336
551 335
553 333
549 331
548 329
547 327
550 325
556 316
559 315
561 312
560 311
557 311
558 308
554 307
555 304
552 305
547 302
542 301
549 299
550 296
548 294
545 294
546 291
543 287
541 290
533 294
532 293
531 295
536 300
534 302
535 304
537 308
538 309
539 312
540 313
541 315
544 316
543 319
545 323
546 325
542 333
530 330
528 330
527 327
529 318
526 318
525 316
523 317
522 314
524 307
523 302
519 305
518 302
517 300
516 304
508 308
507 306
506 304
504 306
502 305
501 302
498 296
497 294
499 292
500 294
502 293
503 294
505 294
507 295
511 295
509 298
512 301
513 301
515 299
515 289
514 287
516 285
513 284
511 284
509 286
505 286
501 286
500 283
503 282
506 281
504 280
502 280
499 280
498 278
497 274
498 270
500 273
501 273
502 274
503 270
505 273
509 275
507 279
508 280
510 282
512 277
522 280
524 278
525 280
527 284
528 286
529 287
526 287
521 293
530 289
540 286
539 281
535 276
534 274
537 275
544 275
547 277
541 267
538 268
533 270
531 269
528 264
527 267
521 273
520 275
518 273
519 268
523 261
515 260
514 259
516 251
517 249
518 251
522 255
524 248
526 253
529 256
530 258
534 259
535 260
536 258
540 260
543 261
545 263
546 265
548 264
549 268
551 267
552 268
553 269
555 270
558 274
561 279
562 278
564 280
555 283
551 283
552 285
556 289
557 290
559 289
563 283
565 284
566 285
567 286
568 286
570 288
572 286
571 274
573 275
576 282
573 289
571 290
569 301
562 306
566 308
567 314
564 317
563 320
565 322
570 325
575 323
571 327
573 329
574 331
579 332
584 323
587 323
586 326
594 327
589 331
588 329
583 330
585 340
576 340
577 341
579 345
581 347
582 349
583 351
587 350
586 355
590 354
592 345
593 341
591 336
595 336
600 338
601 339
603 342
598 348
602 347
608 348
605 344
604 342
606 334
609 330
613 333
614 340
611 343
610 345
615 347
612 352
616 357
606 355
596 363
595 361
594 360
591 362
578 363
572 367
571 365
566 368
569 370
570 375
565 377
547 370
548 374
545 376
546 377
550 382
551 384
553 383
555 388
547 393
552 395
557 397
558 399
554 399
553 397
549 400
548 408
550 414
545 426
551 426
555 414
559 402
560 404
561 408
562 414
564 414
567 410
578 405
579 406
581 402
583 406
586 403
584 398
582 395
577 385
580 382
575 381
573 377
579 380
588 381
585 373
592 373
593 371
597 370
599 368
609 364
614 361
619 366
620 361
630 357
625 352
621 346
623 343
625 341
618 339
617 334
618 332
619 336
620 336
626 333
629 334
627 340
628 349
631 352
634 351
633 356
638 359
640 358
639 356
642 349
645 350
646 359
644 362
641 368
627 370
624 367
620 368
623 371
625 375
617 374
604 375
603 373
600 375
601 377
607 380
605 383
606 385
608 388
610 387
612 390
611 392
613 395
594 408
589 409
590 411
587 413
584 413
582 416
581 413
577 411
576 412
574 414
572 414
568 414
563 424
566 428
570 428
575 429
579 424
580 423
586 429
585 439
587 441
592 434
597 428
590 426
588 426
589 424
591 424
593 423
595 414
596 412
598 412
600 415
602 415
603 415
609 415
607 420
612 434
617 432
618 441
636 432
652 437
658 427
668 425
672 436
675 431
683 428
685 426
688 424
686 424
684 422
682 424
681 422
680 421
690 415
691 414
692 415
693 412
694 415
699 415
697 413
696 390
695 389
697 386
694 383
698 370
699 366
698 356
696 349
692 360
694 362
695 363
691 363
687 362
685 355
688 351
690 350
679 336
677 335
675 333
671 331
670 330
666 327
661 323
656 324
657 320
650 315
648 314
644 311
642 309
638 307
634 310
635 315
636 316
632 316
630 314
631 312
629 313
628 315
633 321
639 321
640 322
643 321
646 318
647 319
641 324
644 325
645 326
649 326
651 328
652 328
655 331
654 333
650 336
658 336
660 335
662 337
661 339
664 341
665 342
667 340
669 340
668 344
673 350
674 349
676 347
682 350
680 351
672 357
669 360
667 364
662 370
670 367
671 368
675 371
676 372
677 372
678 370
681 361
684 364
679 375
680 375
682 377
683 379
686 378
688 379
689 380
687 383
690 385
692 387
678 395
684 402
685 408
687 412
677 418
673 415
664 415
663 415
662 412
661 415
657 415
655 411
654 413
653 415
646 412
644 415
640 420
638 415
634 415
632 422
629 420
623 424
621 424
619 424
618 415
615 415
614 415
616 412
620 415
624 415
627 415
628 415
621 408
622 403
626 408
639 408
645 398
642 395
641 387
637 388
631 389
633 383
636 381
635 379
630 379
629 378
632 376
643 372
649 380
651 399
656 405
670 393
674 391
666 389
665 382
660 382
659 381
658 381
653 375
650 372
648 370
647 365
654 367
652 361
661 358
663 353
659 350
657 355
656 354
655 353
653 347
651 349
649 347
648 342
647 342
643 341
641 340
636 338
638 334
637 333
635 334
633 333
631 327
625 326
623 324
622 323
621 322
616 324
614 317
615 313
612 313
610 312
613 311
616 309
619 306
620 303
621 303
622 305
624 309
625 310
626 307
627 306
628 300
625 298
623 296
617 292
616 291
615 290
614 290
612 288
611 287
607 285
606 284
605 283
602 282
600 279
599 279
597 277
589 282
591 283
592 286
585 287
586 290
590 291
598 288
601 288
603 290
604 291
605 295
608 294
609 294
610 291
613 297
618 304
611 309
607 309
608 315
609 318
602 318
599 318
606 313
604 311
605 308
603 306
601 304
599 302
600 300
596 299
597 297
595 295
594 294
593 293
587 302
589 305
588 307
590 309
591 310
592 311
593 312
596 315
598 314
597 317
595 315
585 309
582 310
581 315
580 318
578 312
576 313
572 308
568 305
584 303
583 302
580 295
579 291
577 291
575 294
574 290
578 288
582 287
584 285
581 283
588 280
587 277
583 277
580 274
582 273
585 269
579 265
577 263
578 270
576 271
575 270
569 272
566 272
565 269
567 264
569 263
570 261
572 260
574 261
573 260
568 257
565 255
561 253
560 252
559 251
557 249
554 247
555 253
556 253
558 255
562 257
563 259
566 261
560 265
559 267
557 260
554 262
550 259
553 252
551 250
550 249
549 250
548 247
547 242
545 241
544 241
543 244
545 252
546 253
547 253
544 259
542 256
539 257
537 255
538 253
532 250
533 248
531 246
527 246
529 244
528 243
523 242
525 241
530 239
534 239
536 242
539 243
541 244
542 240
540 238
538 237
535 235
533 233
532 235
527 236
526 236
520 238
519 243
514 239
512 242
513 244
511 244
510 243
504 245
507 251
508 252
509 254
512 254
506 262
502 261
500 260
499 259
498 258
495 256
497 253
496 252
494 253
493 252
492 254
490 252
489 249
486 251
486 247
487 245
485 245
484 243
482 238
481 237
480 243
478 245
479 242
476 239
477 237
475 234
472 232
470 231
473 229
475 227
478 229
479 232
483 233
484 236
486 235
488 234
487 238
489 238
490 240
488 243
491 244
493 242
496 239
494 235
493 230
490 228
489 227
485 228
482 230
481 228
480 227
476 223
474 222
478 220
479 221
482 220
483 220
486 221
491 225
492 227
495 224
498 224
499 227
502 228
501 230
500 238
505 236
503 233
506 230
508 231
509 233
515 234
516 231
521 231
530 231
529 229
527 228
525 229
523 225
522 224
524 222
520 218
519 222
518 221
517 220
516 219
515 217
513 215
511 215
510 212
508 210
505 208
504 205
508 203
507 202
506 201
502 196
498 195
497 195
495 196
496 192
501 191
499 187
497 183
495 183
492 174
491 182
493 185
494 188
490 190
489 187
485 186
482 192
492 194
493 201
501 201
499 203
497 208
502 209
501 211
506 213
509 215
507 219
510 222
514 224
512 226
504 226
496 217
494 217
489 219
488 216
490 215
487 214
485 215
480 218
481 214
482 209
486 206
488 201
484 202
483 198
477 201
479 203
481 207
479 209
476 207
474 205
473 205
475 200
472 195
471 197
468 199
470 203
469 203
467 205
465 207
466 209
470 214
472 212
477 212
474 214
475 216
472 217
473 219
471 221
467 220
466 218
468 217
465 214
464 216
463 216
461 216
462 219
459 220
460 222
461 224
458 227
456 227
453 222
452 222
451 222
449 221
447 220
446 220
445 218
444 217
443 217
442 217
440 218
439 214
438 214
434 215
429 219
428 216
427 215
426 216
425 216
424 217
423 218
421 217
420 217
418 215
415 214
420 213
421 208
425 210
426 208
422 207
423 204
427 205
428 205
431 207
430 209
429 210
433 209
435 208
436 209
437 211
441 209
442 209
440 206
443 205
445 206
444 203
447 203
446 206
447 211
448 215
452 216
455 216
456 217
457 218
458 214
459 212
463 206
460 205
461 204
462 200
464 200
466 198
463 195
465 187
464 182
464 177
467 176
470 177
471 183
472 185
480 185
481 179
484 177
482 176
479 177
478 175
477 168
475 167
469 167
468 169
470 173
463 169
455 172
456 175
454 178
448 179
447 176
446 177
444 178
443 179
442 182
444 185
445 186
448 187
449 188
447 188
442 192
441 193
445 194
450 192
451 188
452 186
456 185
457 184
458 182
460 182
461 184
459 185
454 187
453 189
455 191
458 194
461 195
459 197
457 199
456 199
454 198
453 197
451 201
452 201
455 205
457 207
453 209
454 211
450 212
449 210
450 204
449 198
448 198
445 199
442 201
441 200
439 202
438 202
433 203
434 200
436 197
433 193
435 189
436 188
437 184
438 178
439 177
440 177
441 176
439 165
446 164
450 169
453 168
452 163
454 159
451 154
449 146
452 140
447 133
442 137
429 131
436 124
439 121
440 118
438 116
438 112
443 113
444 114
444 118
445 122
447 119
448 119
453 125
454 121
450 119
449 116
449 112
455 115
455 119
456 121
459 121
457 124
458 127
455 128
459 138
462 137
461 128
466 128
471 136
470 142
477 142
478 146
473 147
463 153
457 155
462 164
465 164
464 160
469 155
471 156
473 159
475 156
480 153
476 162
483 166
486 169
487 174
488 174
490 167
488 162
487 160
486 155
485 153
483 147
485 144
482 142
481 140
484 140
483 135
479 133
474 128
477 122
476 117
475 110
474 104
472 102
471 103
469 103
468 113
465 114
466 115
466 119
470 124
467 125
464 122
461 121
461 117
460 115
461 105
454 104
444 104
441 109
439 109
437 108
433 100
431 106
434 107
433 111
432 115
434 120
433 121
428 123
426 117
429 116
429 112
428 108
424 112
423 111
423 107
418 103
418 107
419 110
419 114
421 115
418 123
413 123
413 127
411 126
408 122
411 120
413 118
411 115
413 114
413 110
413 106
410 105
410 109
408 110
407 114
403 115
403 111
405 111
405 107
405 103
402 100
407 100
410 101
413 102
413 98
417 95
419 94
417 90
416 87
411 89
407 89
403 93
405 96
399 98
398 96
397 98
397 104
395 102
390 102
392 104
392 108
390 109
386 110
384 109
384 114
381 116
378 114
381 112
378 110
381 108
381 104
379 105
375 106
373 107
375 110
375 114
370 114
372 116
375 118
373 118
370 119
367 120
366 115
367 113
369 107
373 103
370 100
369 103
367 102
363 100
363 104
367 106
363 108
363 112
363 116
361 121
362 122
358 125
355 128
352 125
351 129
355 133
357 135
355 137
350 137
350 142
352 140
355 141
357 141
355 145
357 145
362 148
362 143
360 143
361 142
363 140
360 139
358 139
360 135
360 131
358 129
362 127
363 132
367 129
367 133
367 137
373 135
375 137
373 140
369 141
367 141
367 145
370 145
373 147
375 148
379 146
381 137
379 133
375 132
373 131
375 128
373 127
369 129
367 125
369 125
370 123
373 123
375 124
378 118
381 120
382 121
378 122
379 126
381 127
381 131
385 130
387 128
385 126
384 122
384 118
387 120
390 118
390 113
392 113
395 111
398 111
400 113
398 115
395 117
393 120
398 119
401 120
398 125
396 124
393 124
393 128
391 128
391 132
393 132
396 133
396 129
398 131
403 128
406 126
408 131
403 133
401 133
393 136
391 136
387 133
385 134
385 139
387 140
393 142
391 147
388 148
385 149
385 157
379 158
381 164
379 166
375 161
373 160
375 156
373 156
373 152
369 154
369 149
367 149
367 153
362 153
362 157
367 157
369 158
367 161
369 163
373 164
375 165
373 168
369 167
367 165
365 165
367 170
362 171
359 166
362 166
362 161
355 161
355 157
355 153
357 153
355 149
350 146
350 150
350 154
350 158
350 162
355 165
355 169
350 170
350 166
319 172
349 182
349 178
350 174
355 175
357 174
359 177
361 179
366 177
373 177
373 172
375 170
379 170
381 171
381 175
379 175
375 175
381 179
378 182
378 186
378 190
380 192
384 193
386 189
384 187
381 185
385 180
387 177
385 173
385 169
385 165
388 156
391 161
393 160
396 158
398 157
396 153
398 147
396 146
398 142
396 138
398 136
401 138
403 137
406 135
408 137
406 139
403 141
401 142
406 144
403 146
401 146
403 150
401 150
398 152
401 155
403 154
403 158
401 161
398 163
396 163
396 167
403 164
405 163
407 167
409 168
405 170
402 171
398 169
393 169
391 170
387 172
393 173
391 175
393 177
396 174
400 173
399 177
402 177
401 180
393 181
391 179
390 182
393 185
390 187
394 189
392 192
392 196
390 195
390 191
386 193
386 197
389 202
383 200
384 198
380 197
378 194
374 190
372 189
368 183
366 182
366 187
368 187
368 191
366 191
361 187
359 187
354 182
349 186
349 190
349 194
348 196
348 200
348 204
347 207
353 204
356 201
354 194
356 197
360 199
365 198
368 195
372 194
374 195
372 198
365 202
367 202
371 201
374 200
377 200
383 204
382 210
384 212
385 212
388 209
389 206
392 207
393 205
391 204
395 200
396 198
398 200
399 198
401 197
397 192
400 193
403 192
404 193
405 192
406 189
411 189
410 188
408 186
412 182
413 181
406 175
408 173
410 172
411 167
412 160
410 159
413 155
411 151
408 151
406 150
408 146
413 150
413 145
411 145
408 142
413 139
411 135
421 136
421 145
419 148
421 149
444 149
448 156
445 157
443 158
433 156
434 165
429 164
428 157
421 153
420 158
421 158
424 160
420 162
417 165
415 168
421 165
421 169
418 173
421 173
424 173
435 172
430 180
432 184
434 184
433 185
431 186
429 186
427 189
425 189
430 194
432 199
428 196
427 196
425 197
424 196
423 198
421 197
419 196
421 190
421 186
425 185
421 181
424 179
421 177
416 182
414 187
413 192
417 190
418 193
416 194
412 194
411 196
409 196
407 199
409 200
411 202
414 201
415 203
417 205
418 211
416 209
413 209
412 205
408 205
406 204
404 206
402 205
403 209
401 210
399 212
397 214
396 214
394 212
391 214
390 215
389 216
387 217
386 218
381 222
380 222
379 216
378 212
376 211
379 204
377 205
376 207
373 207
371 205
370 212
372 214
369 217
366 215
366 211
364 210
364 214
359 216
352 218
347 211
347 215
346 220
346 224
345 224
345 228
351 227
354 224
358 224
360 228
363 224
365 225
366 225
367 225
365 221
364 218
369 222
372 220
375 219
377 224
374 227
371 229
368 231
373 234
376 234
377 236
375 237
372 240
370 239
369 240
367 242
366 246
371 248
373 252
375 251
374 249
377 250
381 245
380 242
383 238
384 237
387 237
386 235
389 232
388 232
385 228
381 232
379 233
378 232
382 224
384 222
393 220
400 218
404 216
405 211
407 209
410 207
411 213
414 216
412 216
409 217
407 219
406 221
408 225
410 226
413 232
411 231
407 232
406 233
404 233
403 227
401 226
405 224
402 224
398 223
396 223
395 224
394 225
392 228
391 228
390 230
393 230
397 231
399 229
400 231
395 239
401 240
405 237
404 239
403 240
402 242
400 242
398 245
397 247
399 249
398 252
403 256
402 259
401 262
400 264
402 268
399 269
401 271
397 273
400 275
398 279
396 280
397 284
394 284
391 283
396 271
390 270
388 273
385 275
386 273
387 269
389 266
392 264
393 263
395 258
394 253
396 250
392 244
393 243
391 241
390 243
389 245
388 246
385 249
386 253
383 254
384 256
385 256
391 262
390 262
382 260
381 262
380 260
378 261
374 261
370 262
369 260
368 260
365 259
367 262
364 265
362 262
359 267
355 271
357 274
366 277
368 275
371 273
373 271
372 270
374 268
376 264
379 265
375 271
374 275
372 278
368 284
383 278
384 282
381 283
382 286
380 285
378 287
376 293
379 295
378 296
377 298
374 299
369 294
361 294
358 293
359 291
360 285
362 286
363 284
364 284
365 282
356 280
354 278
352 279
351 276
349 278
350 283
347 281
346 283
344 285
342 286
345 289
343 290
339 291
340 295
338 297
337 292
334 292
332 289
330 294
323 298
320 300
326 305
328 303
333 298
336 300
341 300
342 306
349 307
351 304
353 302
356 303
355 304
352 308
348 309
347 310
345 314
350 313
349 315
346 319
342 318
341 321
344 322
343 324
346 333
342 341
336 334
339 331
340 329
338 325
334 320
337 318
332 314
335 309
333 309
331 307
330 312
327 310
324 307
322 310
326 313
328 319
325 324
319 325
315 326
318 332
323 339
317 335
308 334
309 333
310 331
311 330
307 328
312 319
316 318
319 314
321 312
317 309
314 310
310 305
307 302
308 302
309 301
311 299
313 297
318 292
319 291
322 288
324 286
315 290
306 292
302 293
303 299
305 300
304 305
301 303
300 303
299 301
296 301
298 306
306 313
299 311
295 308
294 309
292 311
290 312
288 307
286 306
283 312
278 313
281 317
285 317
284 318
282 321
280 323
278 324
277 325
276 326
274 333
270 338
266 341
265 342
263 344
262 346
261 347
259 342
257 344
253 346
256 350
255 352
254 353
249 351
247 349
242 345
234 345
245 340
246 335
250 331
244 330
243 330
239 329
237 330
238 336
235 340
226 338
225 334
222 339
221 349
220 352
217 340
212 343
209 342
210 337
214 334
215 334
219 324
208 321
203 319
213 315
234 312
233 323
229 324
228 326
231 329
232 327
236 323
241 323
248 322
242 314
243 310
246 311
252 308
254 305
262 300
261 302
258 307
259 311
256 313
255 314
249 315
251 321
254 324
258 326
260 329
262 331
264 328
268 328
271 331
272 323
275 318
269 320
263 320
265 315
267 308
274 306
280 306
289 301
287 298
292 290
297 286
298 283
301 282
303 283
307 288
310 282
312 281
314 278
317 278
320 281
325 281
326 279
327 278
328 278
329 282
331 279
333 277
336 275
338 272
345 274
341 270
340 267
342 265
344 263
343 261
346 261
348 263
347 260
349 259
351 260
353 258
354 258
357 262
356 255
355 252
358 254
361 251
359 248
360 248
363 246
364 245
365 242
362 237
357 240
356 232
353 234
349 237
345 232
344 235
343 238
344 239
347 239
348 238
354 242
351 244
350 245
345 249
339 254
335 259
337 266
330 268
321 267
323 265
329 261
332 259
334 257
331 251
326 257
318 247
306 256
308 267
313 271
311 274
309 276
304 274
300 275
291 281
288 280
283 285
282 289
279 295
276 298
273 303
270 305
266 299
268 297
281 278
275 277
256 274
253 276
250 276
216 226
221 206
235 213
240 212
260 203
251 169
245 161
223 149
236 166
237 168
225 188
213 192
206 179
198 170
200 180
202 200
187 191
180 193
178 193
174 192
165 164
146 177
177 213
194 219
148 231
143 231
138 224
130 217
111 211
96 210
113 164
120 158
75 164
54 154
55 133
15 129