0,61
10,65
9,67
12,82
6,85
10,90
9,96
9,108
3,108
1,108
1,110
6,110
6,111
5,117
5,123
11,119
13,119
11,131
8,134
9,137
2,137
6,145
9,143
12,146
13,145
17,139
20,142
20,143
14,154
11,158
11,161
6,159
6,164
7,165
4,167
12,170
17,169
17,171
10,175
9,177
8,178
5,179
11,179
8,184
5,184
4,188
10,188
13,191
12,192
4,197
8,197
15,201
20,206
21,205
29,203
33,211
23,213
20,212
8,218
6,213
5,210
1,208
0,223
3,223
9,226
20,227
19,232
16,233
9,234
2,237
11,239
11,242
11,245
9,248
5,252
4,252
4,262
7,267
6,270
10,267
10,266
11,265
11,269
16,271
6,279
4,281
6,285
12,284
12,288
2,294
9,298
11,297
12,299
14,302
0,309
8,318
10,322
5,329
6,332
6,336
0,336
1,341
10,344
2,356
0,361
1,361
7,368
9,380
6,380
1,385
8,395
11,393
15,393
10,396
11,402
11,411
14,414
13,414
8,416
2,409
1,437
1,438
4,436
15,446
14,427
14,421
15,414
19,411
24,411
27,411
24,419
35,425
41,426
40,430
35,431
31,433
30,434
30,437
38,440
43,439
48,435
49,424
48,423
50,420
52,419
50,413
38,405
43,400
45,397
40,398
37,390
32,392
31,396
33,400
26,399
22,397
22,398
18,401
20,397
18,395
17,391
24,385
29,376
14,372
13,372
12,369
9,356
14,348
15,348
14,338
22,336
24,337
23,332
27,324
25,323
25,318
32,321
35,324
33,329
43,327
42,334
43,336
45,337
40,337
33,335
27,333
27,339
23,344
24,353
30,352
29,345
31,343
35,341
42,343
43,342
52,336
51,345
52,348
50,355
45,351
37,355
38,366
34,375
34,387
39,387
75,400
77,399
73,395
72,392
70,393
68,394
62,390
60,388
59,389
51,382
49,382
45,379
43,378
44,373
50,373
53,372
52,369
51,366
49,365
59,358
66,349
69,350
68,344
64,338
60,335
65,328
69,337
75,338
88,337
91,329
86,322
87,321
79,314
71,321
67,320
66,319
60,320
63,325
61,324
60,324
59,322
52,319
50,317
49,323
49,329
42,322
37,313
35,314
20,307
20,305
26,305
32,304
31,299
33,293
29,289
28,294
23,292
17,291
15,280
29,273
34,271
41,277
36,283
42,288
47,289
55,285
50,281
52,273
55,270
47,264
46,263
50,261
53,256
56,257
58,265
62,271
63,275
61,276
64,280
65,284
60,283
56,291
62,288
68,291
68,292
59,299
56,299
42,303
49,311
50,311
58,308
63,306
68,304
73,308
75,313
82,310
84,307
82,304
78,302
75,298
71,286
71,285
73,281
79,278
73,276
70,272
73,271
78,270
78,262
85,264
85,262
83,256
79,252
73,249
75,245
71,246
71,249
73,254
72,258
69,258
68,257
66,256
64,255
54,249
58,248
61,245
70,243
69,242
70,236
66,234
62,238
54,242
49,239
54,228
56,228
56,227
60,225
57,223
49,226
43,234
48,242
47,253
37,246
34,248
39,261
32,262
28,260
28,265
22,267
17,252
14,250
22,242
25,238
28,228
26,226
32,221
31,218
33,220
39,224
46,224
45,217
47,205
46,205
39,209
34,198
37,197
48,192
51,189
50,185
54,187
55,190
57,189
63,186
66,183
67,181
68,182
66,186
67,187
66,190
66,197
70,205
66,207
63,206
60,205
58,203
52,198
55,211
53,213
62,217
62,219
69,220
76,215
79,219
82,218
80,221
79,225
81,230
82,236
82,239
83,241
86,246
87,250
90,249
94,239
94,232
100,225
101,223
104,229
113,230
112,236
110,239
102,234
99,242
98,243
94,245
93,251
95,250
98,252
99,253
101,257
100,258
96,260
101,261
101,267
94,270
93,273
96,274
94,276
92,288
86,285
86,288
84,291
95,299
97,300
96,305
101,305
109,297
111,296
112,297
114,295
110,290
99,288
98,281
99,276
104,277
112,276
107,273
108,270
111,260
108,256
111,255
118,258
114,273
118,276
117,280
115,280
114,281
118,285
116,290
115,291
118,296
115,302
117,304
121,303
118,309
114,307
114,309
114,317
110,322
110,323
113,329
107,329
105,330
104,332
99,334
104,335
107,336
112,334
116,330
123,331
125,330
119,318
119,315
123,314
125,314
130,317
128,319
132,327
131,333
125,340
133,342
140,338
142,337
145,332
145,329
142,326
150,323
155,328
156,324
153,314
139,309
133,304
132,304
135,301
138,300
149,310
153,310
156,308
158,306
163,307
158,297
163,299
166,302
169,310
169,312
163,322
166,322
167,323
170,314
174,311
180,313
183,320
178,324
175,330
180,327
181,329
182,328
184,329
194,334
196,335
200,335
200,331
204,332
206,327
209,327
214,328
211,332
212,339
208,338
202,343
182,339
181,339
176,337
172,337
172,335
157,334
168,341
166,347
173,345
174,354
168,355
165,353
164,354
159,365
158,374
154,385
158,384
163,385
164,384
164,381
166,378
166,382
171,383
172,378
176,369
187,369
180,363
185,350
188,354
184,361
187,363
191,362
194,364
191,367
193,374
179,380
177,386
177,394
193,397
193,393
193,390
191,381
196,379
198,377
205,380
207,379
207,380
206,382
214,383
214,381
218,375
215,374
213,375
204,368
198,365
202,355
200,353
204,351
204,350
213,354
225,348
220,346
217,341
218,341
219,341
222,337
221,337
218,337
218,335
219,334
224,333
226,337
227,345
231,345
233,344
233,343
236,342
233,334
240,328
248,331
249,332
248,341
243,338
239,343
237,344
231,354
237,356
243,350
246,357
250,359
241,361
240,360
237,362
233,362
232,362
221,361
217,368
215,369
218,371
221,370
220,375
220,376
225,380
220,388
222,391
223,393
216,392
211,393
204,387
202,388
198,393
203,393
203,394
208,394
209,398
212,399
212,408
211,414
213,412
220,403
227,397
233,392
236,389
233,389
232,386
234,375
230,368
236,368
244,370
245,376
241,379
243,380
248,380
250,377
249,369
252,367
254,363
256,356
252,348
252,347
248,344
258,338
257,327
252,325
250,322
249,313
253,320
258,319
259,319
263,327
266,317
266,316
271,308
264,306
259,301
247,302
248,308
248,310
245,312
239,301
239,295
237,297
234,298
232,299
231,299
229,304
229,308
223,304
221,308
223,310
228,315
234,315
240,314
242,318
243,319
245,322
246,324
245,323
244,322
238,321
234,320
230,322
225,324
220,323
211,316
205,315
199,312
192,314
201,304
205,302
211,302
212,299
219,300
220,299
226,297
231,291
225,291
225,289
225,288
221,288
214,290
212,288
208,298
202,300
195,294
188,296
193,300
193,304
189,304
187,308
182,303
178,304
168,293
168,291
172,293
177,293
178,284
180,271
174,282
172,285
164,285
162,276
160,272
160,271
158,265
153,270
154,270
156,271
160,279
161,286
159,286
158,294
148,292
145,288
128,287
123,291
122,285
121,279
124,275
129,266
129,262
131,262
134,264
133,267
137,272
140,269
140,265
143,265
143,263
134,257
128,257
123,255
118,249
127,245
130,238
127,233
122,234
117,236
115,228
120,229
120,225
116,227
113,223
112,218
107,217
105,219
99,213
107,203
109,201
103,202
95,203
88,204
95,217
94,223
88,218
86,216
88,212
84,210
81,212
81,211
77,209
76,207
77,203
81,204
80,201
84,194
82,194
76,195
70,195
73,190
74,187
73,186
74,178
62,175
60,175
62,172
77,171
83,170
73,165
68,160
68,158
66,160
66,163
54,160
53,170
52,169
49,170
52,173
54,181
54,182
48,178
39,181
36,177
34,169
31,167
32,185
23,183
24,189
17,191
17,187
17,186
19,178
22,173
24,164
28,161
30,162
35,162
49,162
49,156
53,145
56,151
57,154
61,154
65,152
66,151
65,149
70,150
81,157
83,158
81,154
71,148
71,140
67,141
67,133
65,134
63,137
44,137
47,147
44,146
36,149
35,155
34,155
32,153
30,149
29,149
24,143
27,140
32,144
40,135
44,129
41,128
37,126
35,128
31,123
26,121
32,122
35,121
40,122
37,112
30,108
33,102
38,103
43,100
30,95
26,97
25,99
29,105
25,106
22,109
14,111
15,104
17,104
16,87
14,86
19,76
25,75
28,79
29,83
43,89
45,85
49,82
58,76
59,81
59,85
65,94
62,94
59,96
50,111
51,112
49,113
45,118
48,116
52,116
52,121
62,123
67,121
67,118
66,113
64,106
64,104
65,103
66,104
68,99
73,97
86,102
93,107
95,112
91,115
91,111
89,111
88,110
85,113
82,111
72,111
73,113
71,116
71,123
72,132
77,131
77,134
86,132
87,139
92,138
92,142
92,143
88,144
87,147
88,148
89,150
92,145
96,144
98,147
102,150
110,150
114,155
113,149
96,137
94,132
100,134
101,136
103,138
115,137
118,131
118,128
116,126
115,125
122,121
115,117
112,122
109,123
106,132
101,125
104,117
105,104
112,110
115,109
115,103
115,92
124,94
124,89
127,91
129,87
124,82
121,81
116,89
98,94
96,96
92,95
90,96
87,97
81,98
79,95
78,87
83,80
94,81
99,83
110,84
108,80
110,75
113,74
116,73
117,65
114,60
107,65
97,61
97,71
87,75
79,77
79,79
72,79
67,78
65,76
65,70
70,69
66,62
61,60
60,67
58,67
56,70
43,69
32,74
31,74
30,73
26,62
28,55
26,53
23,50
26,52
30,53
32,54
38,51
40,59
43,60
45,59
47,63
49,64
51,53
61,45
63,48
69,47
65,51
68,55
68,59
73,64
75,69
78,66
83,67
85,66
83,66
80,64
79,63
79,56
76,50
85,56
85,58
91,60
91,62
97,59
104,57
106,57
104,50
104,49
106,50
111,46
112,48
112,49
113,56
115,55
119,57
123,49
123,48
119,38
117,38
113,34
115,32
114,27
130,32
135,23
137,27
137,34
128,34
126,44
126,48
130,55
128,65
127,71
130,69
133,70
137,76
137,78
136,80
142,80
138,93
141,96
146,94
145,98
142,109
137,109
137,112
135,110
133,108
128,104
128,103
118,106
117,110
118,115
119,114
124,114
127,111
131,112
135,119
133,122
133,127
135,130
138,130
143,130
142,136
134,137
122,140
124,151
128,150
138,147
144,148
145,151
143,151
141,156
140,156
139,159
133,154
130,155
126,160
118,162
113,166
110,176
110,168
110,165
99,160
99,173
85,180
91,183
89,191
90,193
94,189
97,193
99,191
99,189
102,193
108,188
107,183
120,179
121,184
128,184
135,178
132,175
133,171
135,167
144,168
147,178
149,185
151,184
155,185
156,185
159,190
166,190
170,205
166,208
161,212
160,213
154,215
151,217
152,213
152,210
149,203
156,202
156,201
150,192
139,191
140,196
139,199
136,198
128,203
129,197
125,189
123,193
120,193
118,197
119,198
124,201
125,207
132,205
132,209
128,210
121,209
118,210
115,215
117,218
128,219
128,222
133,222
134,223
137,223
141,221
144,225
148,239
144,240
135,239
137,245
135,247
145,248
146,246
156,255
156,246
154,238
155,237
158,235
159,235
161,238
160,235
161,232
156,232
154,231
153,230
152,229
154,226
157,223
162,228
160,221
165,215
166,214
169,224
174,224
178,236
166,243
164,251
167,252
178,248
181,243
182,239
181,232
183,230
181,217
176,218
176,215
173,213
178,210
180,203
178,198
182,198
188,195
189,196
191,198
193,200
192,203
192,208
192,214
192,216
186,212
186,221
188,220
191,219
193,223
198,220
198,225
208,225
209,228
204,227
198,238
195,242
195,247
201,240
206,241
216,240
215,241
212,250
206,252
211,253
215,251
216,249
219,251
220,254
225,245
229,251
231,269
229,275
226,279
221,272
216,274
218,270
214,265
215,261
210,260
208,261
208,260
191,256
183,257
182,259
179,259
176,259
177,264
183,265
184,263
186,266
188,265
194,263
197,265
201,267
205,267
202,269
197,270
194,270
188,279
189,286
194,282
193,278
194,278
201,275
209,282
214,283
217,279
222,281
228,282
239,285
244,282
244,281
247,278
248,283
254,282
260,294
261,295
267,298
268,302
267,303
269,305
276,305
275,310
284,317
287,323
281,323
268,326
271,328
275,338
281,347
278,346
272,349
275,353
280,354
284,358
285,355
282,353
283,348
284,346
287,335
288,340
286,347
288,353
289,361
279,363
274,358
264,351
260,346
259,355
261,361
266,364
260,365
259,368
259,372
260,378
258,379
257,379
253,388
245,387
240,395
238,401
240,404
239,406
240,410
239,410
230,411
229,409
226,409
225,412
223,413
222,418
219,420
225,419
228,418
234,419
234,414
243,414
244,413
246,411
248,411
249,419
247,419
244,422
240,430
236,426
232,425
229,428
227,429
222,427
221,426
218,425
217,422
210,423
197,432
200,434
204,435
212,445
209,449
207,467
211,468
212,470
211,476
209,476
208,479
206,479
204,471
199,467
199,463
199,462
193,466
184,459
188,452
190,450
191,446
194,441
180,440
188,434
186,429
185,427
188,422
186,419
201,418
204,406
205,406
207,403
198,400
187,403
180,403
177,403
172,400
167,415
165,414
159,414
158,415
160,420
163,421
165,425
165,426
172,425
172,419
184,424
181,434
178,432
175,429
171,431
173,438
166,436
164,444
155,449
153,445
147,446
146,440
151,437
154,439
152,431
155,432
158,432
156,431
154,429
154,425
149,431
146,431
145,432
144,439
143,440
138,443
138,449
147,452
138,452
136,451
135,448
136,442
137,440
135,433
143,427
141,424
138,417
137,415
138,410
139,408
144,409
144,410
147,411
146,406
151,406
158,401
158,397
155,391
144,383
142,382
140,383
140,387
142,392
141,400
136,405
131,403
126,403
126,402
125,399
127,395
129,396
132,398
132,396
132,390
136,386
130,385
127,384
127,387
123,393
118,396
117,391
114,391
114,387
118,386
121,378
123,375
138,376
143,379
146,379
146,374
146,373
147,374
150,373
152,366
148,368
142,368
140,373
133,366
137,362
148,359
148,357
152,357
153,351
155,347
148,344
136,347
139,350
137,354
129,353
130,346
124,350
121,348
119,348
121,353
125,356
123,358
122,360
127,361
129,363
126,368
118,369
113,372
111,367
112,367
117,364
119,362
115,358
110,354
115,346
111,344
111,342
108,345
104,345
102,347
97,346
98,345
98,344
94,337
92,340
81,346
79,348
77,349
76,354
79,357
87,358
91,356
101,354
102,356
99,357
97,358
97,361
105,367
103,373
104,378
107,380
106,382
104,387
106,395
115,399
110,402
105,403
103,402
104,404
102,407
97,403
95,401
97,397
96,395
98,388
101,380
99,378
94,376
93,375
90,376
88,379
87,383
85,383
81,379
75,376
74,374
78,370
77,364
73,363
70,361
69,364
71,367
62,367
66,373
66,374
67,379
70,379
73,380
80,383
80,392
79,394
80,395
81,397
89,398
85,411
83,415
80,413
77,414
74,408
68,409
63,407
67,414
66,417
63,416
60,415
57,417
60,425
66,424
70,427
72,423
74,426
80,432
80,434
77,436
74,439
71,438
67,434
65,432
56,434
55,433
54,433
57,439
64,439
67,441
68,443
60,444
57,444
49,453
45,446
39,446
36,443
30,449
38,451
43,453
43,459
51,459
43,466
39,461
37,458
36,458
36,461
35,466
28,466
28,472
26,472
25,470
17,475
13,477
16,471
16,469
19,465
24,459
21,457
13,453
11,455
4,457
1,460
11,461
12,465
7,468
0,468
2,472
2,480
4,480
6,486
7,490
5,493
5,498
13,492
17,499
18,499
17,504
18,505
15,509
19,513
18,519
13,516
14,506
8,500
8,505
7,517
7,519
7,522
9,521
21,524
18,527
14,533
11,531
9,528
9,527
4,523
0,525
2,529
1,538
3,540
8,545
11,542
17,537
28,536
30,537
28,548
28,558
30,561
27,570
15,568
18,564
13,552
8,555
5,560
9,564
4,570
3,576
2,576
3,579
2,588
6,586
8,586
7,589
11,597
15,596
14,588
14,582
17,585
18,583
25,582
24,576
28,575
32,574
35,575
38,580
29,588
28,589
29,592
26,599
37,596
46,592
47,591
48,589
50,587
50,592
49,593
47,598
55,596
57,598
57,593
60,593
63,591
60,585
67,586
68,589
65,594
64,596
65,599
70,594
75,590
75,596
81,596
80,595
80,587
87,592
89,588
94,592
96,583
102,585
101,590
100,595
115,598
116,594
116,591
113,591
112,589
116,582
112,576
110,583
106,581
105,577
95,572
94,580
84,582
77,582
72,581
77,575
72,574
69,568
61,570
59,567
54,566
63,580
62,581
53,578
51,582
44,572
38,572
34,566
37,565
37,553
44,553
46,544
42,545
36,543
38,542
42,537
33,530
32,528
34,526
32,520
25,512
29,502
24,499
28,493
21,492
25,489
24,488
19,481
25,480
32,486
33,485
35,483
35,484
38,486
39,484
38,481
49,478
49,473
52,472
56,477
60,472
62,472
64,477
71,475
66,468
64,461
63,457
62,456
64,457
74,459
79,459
85,456
78,450
85,447
85,446
91,448
100,448
95,442
90,436
92,420
103,419
109,424
111,421
112,422
114,421
115,421
118,412
121,413
124,413
129,416
134,422
133,424
130,424
128,425
123,426
123,429
124,436
132,439
127,442
124,442
119,439
117,436
114,431
105,426
103,429
103,430
102,438
109,436
111,440
117,445
110,445
108,445
105,451
111,455
121,449
128,452
125,459
134,455
134,458
133,461
130,465
133,465
136,466
138,464
144,476
154,474
156,469
154,468
149,466
151,464
158,459
166,459
172,454
165,452
166,450
171,448
176,446
181,452
176,456
178,459
179,459
179,462
177,466
174,464
172,468
175,478
177,479
176,480
175,480
172,474
168,468
165,468
166,471
162,473
164,481
158,480
148,482
150,485
146,487
142,484
137,483
138,484
140,488
143,487
144,492
136,499
135,499
134,499
131,502
130,503
132,489
126,489
127,493
127,497
122,502
124,505
117,505
117,499
106,496
117,493
114,488
117,480
120,483
125,482
126,480
127,480
129,478
132,471
129,468
126,469
111,465
105,464
103,462
91,461
91,469
92,470
92,472
96,478
96,482
100,481
103,480
105,478
104,477
104,475
106,471
107,472
110,482
102,486
98,502
101,503
105,511
94,518
95,512
92,508
92,505
97,498
96,492
93,490
95,487
93,482
90,483
87,481
81,472
82,476
82,481
85,487
88,486
87,489
89,492
90,494
81,493
80,488
73,487
72,486
72,485
73,483
71,484
60,485
58,489
60,491
58,497
56,499
59,504
57,506
59,510
52,508
55,498
52,491
51,488
50,484
42,492
42,495
37,498
45,504
45,510
40,511
40,526
48,524
57,528
58,529
58,531
62,532
56,536
52,535
46,538
51,542
51,552
53,557
52,558
50,561
58,559
58,557
65,560
66,557
64,547
61,549
60,546
61,541
65,540
70,544
72,547
82,558
88,552
83,542
78,540
76,542
75,543
75,540
73,535
79,536
78,531
72,529
66,527
61,521
57,521
58,517
66,515
62,510
61,508
63,502
73,500
77,507
78,511
78,512
74,519
75,521
76,523
83,517
85,520
91,527
88,530
86,533
87,533
90,535
94,537
93,538
91,544
100,540
103,545
99,552
103,567
103,568
106,562
110,560
108,556
113,543
110,538
108,533
109,531
108,529
114,517
114,515
117,513
118,514
119,514
124,518
131,515
132,515
133,512
144,511
145,513
155,511
163,495
167,496
166,490
165,489
176,490
175,487
178,483
182,480
187,478
196,481
194,482
193,485
199,497
191,490
188,489
187,491
175,493
173,496
167,505
161,510
168,515
162,517
159,520
150,527
148,522
143,521
141,521
141,522
133,523
132,526
134,528
133,530
127,527
124,529
119,526
117,529
114,529
117,531
118,532
118,535
118,539
119,536
123,531
130,537
129,540
129,546
128,547
130,557
127,558
119,554
115,556
113,561
113,570
121,575
123,573
127,563
135,569
136,571
136,576
134,575
125,583
128,589
137,596
139,596
147,590
149,581
146,579
144,571
148,570
150,572
157,579
163,577
161,585
169,586
166,595
169,599
171,598
173,594
185,597
184,596
177,577
176,574
182,577
189,574
194,582
202,575
202,573
199,569
194,569
182,567
181,568
170,571
169,568
169,567
169,565
151,561
146,559
139,559
138,550
141,538
144,538
149,538
149,539
152,540
156,536
157,534
158,540
159,540
160,542
158,544
159,546
160,547
163,548
163,551
167,555
168,552
167,549
169,546
164,537
163,535
171,529
173,534
173,536
184,542
183,536
182,535
185,535
185,533
185,530
180,521
182,520
185,520
187,521
188,510
187,507
197,513
198,516
207,521
206,526
210,533
212,534
212,535
213,537
210,544
203,546
203,544
204,539
202,537
198,540
197,541
193,543
192,546
195,550
194,551
191,551
185,548
182,552
179,561
183,561
186,560
187,559
193,561
203,560
214,549
214,552
215,553
219,558
216,561
218,564
220,567
220,569
218,572
212,569
212,572
210,577
209,580
206,583
201,587
199,594
204,593
207,588
212,588
212,599
218,593
221,590
220,588
225,588
225,581
232,576
232,575
227,565
234,565
234,568
235,570
238,566
240,564
238,557
239,555
243,557
252,561
252,569
250,573
250,574
249,574
251,581
245,583
237,581
234,588
233,590
231,588
226,598
229,598
239,594
244,586
244,584
249,590
245,593
253,597
263,597
267,597
276,598
273,594
266,592
262,583
259,573
256,571
265,567
261,564
262,563
260,554
251,558
252,554
252,543
250,541
246,546
242,543
239,538
229,546
230,551
237,553
234,558
232,562
230,562
227,561
226,555
221,557
221,548
217,545
217,540
225,536
226,534
222,532
224,524
235,532
238,530
239,529
244,534
251,531
257,538
259,537
257,528
250,527
247,525
252,524
251,522
245,519
248,512
241,512
240,515
228,519
219,513
217,520
217,526
214,524
211,524
210,523
206,513
205,509
202,508
200,509
203,501
208,499
215,499
222,501
222,503
222,507
223,505
229,500
230,499
231,500
238,504
246,504
247,504
251,507
254,510
248,502
245,494
240,499
233,494
225,487
220,492
215,485
219,477
222,481
229,479
232,480
234,482
235,480
229,472
237,466
238,463
234,461
232,462
218,460
224,453
221,453
218,452
220,448
216,443
228,437
232,440
231,450
239,451
241,447
244,449
244,455
246,460
243,466
239,466
238,468
240,471
246,475
252,475
249,472
246,468
250,470
251,469
256,472
258,471
263,474
266,469
251,459
251,456
254,456
261,458
262,458
265,461
270,464
274,468
273,470
273,476
273,485
275,490
275,495
269,488
260,484
263,491
267,502
264,506
268,507
273,513
266,520
266,528
268,530
264,532
270,536
262,544
262,545
260,549
264,552
268,551
270,552
271,546
269,544
275,543
278,545
279,558
271,566
269,571
268,578
272,577
273,571
277,572
279,575
282,574
283,572
284,570
283,564
288,570
286,573
283,575
285,578
287,580
278,583
274,583
274,587
275,588
279,589
281,588
284,594
287,595
286,598
296,598
293,595
288,591
293,582
299,579
300,584
302,586
302,590
302,592
306,594
307,583
307,575
304,574
306,570
309,571
315,579
313,580
312,590
320,597
324,593
324,584
324,579
327,576
320,568
317,566
311,568
305,566
299,563
295,563
292,559
290,559
286,559
286,554
289,549
290,548
283,546
281,539
279,533
281,525
284,527
294,540
296,545
301,544
300,558
305,556
307,559
307,560
308,563
315,558
316,549
311,542
307,542
298,534
298,531
290,529
289,525
286,521
283,519
282,518
282,516
276,514
277,510
277,507
275,500
278,502
279,503
286,507
285,496
285,494
284,488
280,488
281,486
281,485
281,483
280,477
284,477
286,480
287,485
295,491
297,492
298,502
297,512
297,522
297,524
307,529
309,529
308,527
316,524
314,523
309,522
303,519
301,517
304,513
307,514
306,517
313,516
309,511
306,506
308,504
305,497
303,494
311,492
312,489
313,480
315,489
320,494
320,498
323,494
330,498
330,493
329,491
328,491
322,489
323,484
325,482
337,481
334,476
328,476
324,477
321,475
318,466
324,466
328,468
330,468
331,469
333,463
341,463
341,454
338,450
334,451
334,450
325,443
310,442
307,442
307,443
307,445
301,450
307,454
308,454
308,458
305,464
304,462
303,457
296,452
293,454
288,452
289,458
290,463
298,471
304,474
307,473
307,480
301,480
303,484
300,485
294,483
290,483
290,479
292,478
287,475
281,475
280,473
283,471
287,469
280,459
284,456
282,450
281,449
279,449
279,445
278,442
283,440
284,434
286,434
288,431
287,438
289,440
294,444
297,441
299,436
303,433
301,429
298,429
297,429
293,427
295,426
295,422
290,419
280,415
282,414
286,413
288,408
290,406
288,403
286,403
286,399
285,398
280,395
273,401
272,401
271,405
270,406
270,408
270,419
271,421
276,426
280,426
275,429
273,430
271,430
262,427
262,434
259,436
258,440
264,439
269,441
273,439
274,447
266,450
262,452
262,448
263,446
248,439
244,436
246,435
251,426
252,415
256,410
260,408
260,405
258,403
261,400
254,394
253,394
252,395
252,393
259,389
260,391
261,391
265,399
269,398
267,392
265,391
264,389
268,385
273,378
273,375
279,377
284,373
289,373
294,372
297,368
302,373
296,377
284,384
278,385
277,385
283,390
286,394
290,386
291,386
296,392
301,394
300,389
298,389
300,385
301,384
306,385
307,387
308,389
312,391
314,390
317,398
316,403
310,410
304,405
300,402
295,408
303,410
302,415
311,417
308,421
308,423
311,433
314,436
314,431
320,422
323,426
323,430
330,429
330,423
336,424
338,424
337,420
332,416
335,415
334,413
333,413
335,406
332,409
324,410
328,401
328,400
328,395
333,394
337,397
341,398
342,396
339,393
345,385
341,378
340,376
339,381
336,383
323,385
320,382
316,380
308,383
314,375
319,372
320,367
317,369
315,369
314,368
306,361
298,360
298,354
302,343
296,334
294,333
292,320
293,318
294,311
300,311
299,313
300,313
302,314
307,307
300,303
299,302
289,307
282,304
287,300
285,297
289,294
299,295
301,290
299,289
291,290
289,287
288,282
288,280
284,284
280,287
279,285
280,280
273,282
272,281
269,282
266,285
271,288
275,298
263,287
259,284
253,275
256,271
257,271
260,262
261,261
262,266
271,277
278,274
281,278
283,275
283,271
287,267
290,274
291,276
297,283
301,283
299,278
302,276
308,283
313,284
312,288
309,288
307,293
309,294
312,298
315,296
312,293
313,291
317,290
318,290
321,290
322,288
327,287
330,288
330,292
328,299
329,301
314,311
315,324
322,321
323,325
321,326
320,326
320,328
325,329
321,335
319,342
313,339
309,335
313,343
318,347
321,361
328,362
330,373
341,368
336,362
337,354
337,346
344,351
347,356
345,357
348,362
347,363
355,366
355,370
361,367
361,371
364,374
366,375
362,378
356,381
359,393
364,392
368,394
372,394
376,397
378,397
379,397
376,403
379,405
383,407
384,409
390,410
382,414
384,418
380,421
375,418
374,409
367,406
359,400
360,398
353,396
352,405
347,408
342,412
346,415
346,417
349,416
352,415
353,415
356,416
361,417
364,416
363,418
353,428
348,424
343,420
343,421
342,427
342,430
343,433
337,437
339,439
342,442
344,446
354,443
358,443
361,432
359,430
358,428
360,425
362,424
369,422
372,429
378,429
379,441
383,446
394,446
390,440
389,436
395,436
395,427
398,430
403,428
405,435
420,428
421,428
422,420
416,423
415,421
414,420
416,419
406,410
401,411
396,415
393,411
398,410
396,398
393,394
390,394
385,392
381,389
387,384
394,388
399,395
399,396
404,400
402,407
411,405
415,403
416,402
420,401
421,408
423,411
424,411
430,412
429,411
426,407
424,401
427,397
430,392
440,394
437,388
436,387
439,380
436,375
433,381
426,382
426,384
425,385
422,389
424,393
424,394
415,392
418,389
422,386
429,364
424,365
415,362
413,370
412,373
409,371
408,372
406,372
402,383
402,386
396,380
382,383
383,380
380,373
379,369
391,375
393,371
397,369
391,367
385,357
393,360
401,354
400,352
399,352
397,350
388,347
383,343
383,345
379,349
375,352
373,352
372,350
371,354
366,351
367,358
375,358
377,363
372,367
370,365
368,369
365,367
360,359
356,360
353,352
352,342
349,341
346,343
340,333
339,334
339,339
329,342
331,334
335,330
336,327
329,325
329,319
324,316
331,316
332,315
329,311
330,307
334,306
337,317
341,314
343,319
348,314
349,316
353,321
351,330
349,332
350,333
354,338
358,335
361,336
356,341
364,343
369,342
373,343
372,341
367,334
373,331
378,326
385,327
391,329
388,322
395,318
407,323
406,332
400,338
408,334
417,334
417,332
418,330
422,327
419,327
409,318
408,316
411,316
417,312
424,313
425,311
421,311
416,305
410,308
405,309
399,302
390,304
386,309
385,312
380,312
378,314
378,317
374,313
367,321
365,324
363,323
360,320
367,311
370,311
370,307
376,309
381,304
382,303
371,304
368,305
368,301
366,300
364,300
365,304
365,306
361,307
359,298
355,306
352,303
350,307
346,309
341,310
344,305
348,302
348,301
349,295
347,295
344,295
338,296
341,287
346,292
346,289
352,283
361,283
373,280
376,282
378,282
378,284
368,289
375,297
381,292
385,296
386,292
390,286
400,284
404,281
407,282
415,278
410,271
415,267
419,267
418,264
417,257
424,257
424,258
430,268
428,277
433,275
438,273
438,274
443,275
437,279
431,284
426,287
414,289
410,295
406,296
407,301
414,298
417,297
420,300
421,301
429,295
430,293
434,289
442,281
445,280
449,276
456,289
455,292
457,292
460,292
456,297
455,299
454,304
462,306
464,304
469,302
469,298
474,291
475,287
472,285
467,285
465,283
466,274
460,274
452,271
463,259
466,269
467,270
469,272
470,270
470,269
476,261
472,259
469,255
468,255
462,248
475,252
475,253
487,254
489,253
484,248
482,237
485,237
489,239
491,247
492,250
499,252
503,252
504,253
512,248
514,247
512,244
503,239
500,241
499,235
499,233
509,215
511,215
513,227
518,232
521,230
520,228
524,222
528,217
530,226
532,229
535,227
539,226
541,228
540,223
541,221
541,220
543,222
548,229
547,225
546,222
546,217
541,216
542,213
545,214
551,206
553,207
554,208
554,210
556,206
558,209
566,209
568,201
573,201
578,207
576,210
577,213
580,213
582,209
580,206
583,197
576,192
578,188
582,182
586,185
589,181
587,179
582,180
583,178
583,177
587,176
589,170
598,170
604,156
600,151
593,152
588,154
590,151
590,150
591,146
594,146
601,143
595,142
591,142
589,140
590,139
587,137
581,139
578,137
578,133
571,138
585,145
582,150
588,164
589,165
592,166
585,170
583,169
578,171
577,174
569,176
566,173
565,176
569,181
565,186
565,194
562,199
550,199
545,204
541,204
536,203
529,207
524,203
522,197
520,192
515,189
512,188
507,189
515,184
523,185
525,184
529,186
529,194
533,189
532,187
536,187
540,191
542,194
540,195
542,198
545,194
548,191
555,188
554,184
559,181
559,173
553,167
549,177
545,177
531,179
534,173
536,173
539,166
547,161
541,160
536,166
531,162
527,157
527,155
521,156
520,160
519,161
513,161
511,158
501,158
500,159
508,169
519,170
524,172
518,178
514,174
501,177
494,176
498,183
498,186
501,191
498,198
499,202
495,202
495,203
496,203
498,203
502,207
497,211
491,212
490,209
486,212
483,218
484,220
487,223
479,229
476,228
476,232
477,235
474,237
472,238
468,240
460,240
454,236
450,238
447,234
439,229
435,225
428,220
434,215
432,211
423,208
417,200
413,200
414,195
415,194
417,189
424,201
434,201
436,205
438,220
439,224
441,221
445,217
446,220
448,221
449,223
453,221
450,218
448,214
445,214
446,212
446,210
441,202
438,197
434,193
436,188
434,183
430,185
424,190
419,189
420,182
417,179
414,181
404,174
404,170
402,169
404,168
406,167
415,170
416,169
417,166
417,169
415,174
423,180
428,178
426,175
429,171
431,172
432,170
436,168
438,167
432,159
433,155
428,154
420,160
414,162
414,158
406,159
414,150
412,147
411,144
412,143
417,140
413,133
406,138
402,137
401,137
403,144
400,148
397,148
396,147
394,147
391,133
384,137
381,140
376,134
376,132
371,125
363,121
362,133
365,136
368,137
361,140
367,146
365,147
358,148
350,152
336,156
329,163
332,167
327,171
325,163
319,168
319,169
318,175
313,176
311,177
313,170
304,171
305,170
305,169
303,164
307,160
314,161
324,157
335,149
328,141
326,135
333,131
333,130
336,130
336,127
341,130
341,127
347,125
351,130
352,135
355,132
353,131
351,127
350,124
353,122
349,122
349,120
344,120
340,112
343,95
345,89
343,89
336,89
332,91
329,91
335,85
335,82
334,82
334,81
336,81
340,78
342,78
340,70
340,62
336,56
344,55
345,56
346,61
348,65
349,66
353,68
349,75
357,81
360,90
361,91
361,96
366,100
371,99
371,91
373,92
374,92
376,99
378,99
379,99
385,92
386,93
388,92
391,91
395,94
388,96
385,98
383,99
383,103
375,104
375,107
369,104
357,107
356,110
367,114
382,111
391,111
398,116
391,123
389,126
389,129
397,127
404,128
409,127
407,116
410,118
416,122
418,126
420,126
422,123
424,128
425,131
432,130
432,136
437,144
439,144
439,134
442,131
442,132
447,136
454,142
450,141
444,144
443,151
440,160
446,162
447,159
450,155
453,157
453,161
457,159
455,152
454,147
453,146
457,146
461,144
460,141
458,136
463,133
469,131
461,127
459,127
461,124
467,122
473,124
475,120
472,117
474,114
482,114
482,111
488,112
488,111
486,110
486,103
486,95
484,102
484,103
481,108
478,107
476,108
471,111
466,113
461,116
454,110
454,107
462,105
463,103
474,106
474,96
475,94
474,92
472,92
468,92
468,91
468,88
462,91
455,87
456,89
459,95
463,95
459,98
455,99
450,104
448,113
454,121
448,129
445,128
438,128
434,127
433,123
440,118
434,115
434,114
433,107
430,107
432,103
436,97
437,102
435,104
440,110
444,110
442,107
443,104
445,104
446,102
445,94
435,91
437,85
439,85
439,81
444,81
440,74
445,74
447,69
455,70
463,70
465,77
471,82
476,83
479,89
482,87
488,88
493,86
496,84
501,82
503,80
497,79
495,81
493,81
484,80
490,70
492,69
492,64
503,67
512,60
507,54
501,55
497,61
489,54
494,53
496,47
503,44
501,39
505,40
507,47
509,44
511,45
515,45
515,44
524,41
530,46
528,47
522,50
520,52
522,52
524,53
532,54
527,59
528,61
517,66
509,67
507,67
501,72
504,73
506,75
508,80
510,82
509,87
515,88
518,81
524,90
524,93
529,97
529,99
528,99
521,105
524,106
524,107
523,107
522,108
513,106
508,104
507,105
506,101
506,99
504,98
504,95
509,91
507,91
504,89
502,89
501,89
495,92
490,94
495,97
496,97
494,103
496,110
490,117
491,118
488,120
484,120
484,123
488,124
490,129
484,134
482,138
483,143
474,143
472,135
465,147
464,151
464,154
467,154
469,159
470,162
475,162
478,161
475,166
480,167
477,169
476,171
465,164
463,168
459,170
457,170
455,162
451,165
451,169
449,170
444,175
453,182
454,179
456,179
462,181
461,184
462,185
464,187
470,180
476,182
478,182
475,187
470,189
467,188
464,192
451,192
447,192
460,195
461,198
466,203
472,202
470,206
466,210
467,212
463,214
458,210
459,217
460,224
463,233
463,235
464,232
465,224
466,221
475,219
476,211
481,201
474,196
473,192
476,190
477,191
480,197
484,193
490,185
490,179
486,177
488,171
493,167
489,159
486,160
484,153
489,151
489,146
493,145
501,144
501,137
505,128
511,112
515,115
517,116
513,126
516,129
519,128
524,123
522,114
526,111
528,114
527,115
528,117
530,120
538,113
538,117
538,119
537,119
534,122
535,123
539,129
536,132
536,133
537,135
540,134
538,137
535,137
527,131
523,131
520,133
521,138
517,146
513,144
510,148
508,148
509,151
514,152
517,152
522,147
527,140
532,141
535,146
536,150
542,149
537,141
541,141
554,141
554,139
551,136
553,133
560,133
562,145
554,146
550,148
552,151
557,157
564,161
564,167
568,170
568,167
572,165
570,159
569,158
567,155
573,157
576,159
576,155
570,146
569,145
567,144
566,144
566,135
567,135
568,128
569,128
572,127
581,128
578,125
576,126
570,123
565,122
560,122
554,122
555,120
552,117
552,115
554,111
556,111
561,116
566,117
571,115
574,117
576,113
580,115
579,120
581,122
584,121
590,123
591,129
592,128
600,128
600,125
597,121
601,121
608,116
613,124
603,126
605,130
608,129
611,135
606,137
609,148
613,151
612,140
618,138
619,138
629,133
627,131
622,128
620,126
620,125
628,123
630,122
634,121
635,119
629,111
627,108
636,106
643,110
639,118
645,126
648,124
650,119
651,115
647,116
646,112
643,105
642,96
646,95
647,90
654,103
652,106
653,109
657,114
660,113
659,119
655,120
654,126
650,125
648,126
647,127
645,137
637,139
637,137
635,137
625,145
615,154
612,156
613,157
611,165
608,170
616,171
619,168
619,165
622,168
621,170
623,175
621,181
621,190
627,190
626,192
629,194
622,202
627,203
637,201
642,200
644,203
633,209
629,211
631,215
636,216
639,217
641,218
640,221
642,219
647,218
648,220
650,217
655,219
654,216
658,212
654,210
657,209
661,205
667,207
670,201
676,201
680,206
685,207
688,205
686,203
685,202
684,195
678,193
666,191
654,188
651,190
645,191
643,192
637,187
636,185
635,184
650,182
661,184
663,187
671,179
670,172
675,170
683,174
692,172
696,171
697,166
697,165
693,165
686,167
687,164
688,161
688,158
696,157
702,155
702,149
701,146
704,141
704,133
695,133
693,125
694,123
688,122
694,115
702,106
702,103
707,90
706,82
708,81
708,78
705,81
699,81
696,76
703,68
706,73
716,77
712,87
711,94
715,92
720,92
719,88
721,88
721,81
721,80
718,78
724,77
727,77
729,87
726,92
729,92
732,95
736,92
740,95
741,101
736,104
735,105
734,105
723,115
726,109
725,106
721,102
715,102
716,105
713,105
711,109
711,111
716,115
722,126
715,133
716,135
727,139
727,140
722,143
720,150
714,146
708,154
710,159
709,167
693,184
690,177
687,177
688,180
687,189
691,194
693,191
695,192
698,197
699,196
706,189
708,192
715,190
710,182
716,178
716,174
714,172
718,165
733,161
728,155
728,153
732,152
737,149
738,149
743,142
735,144
732,144
729,130
738,128
741,127
746,130
745,123
744,119
743,111
741,111
737,107
739,107
744,103
743,98
747,94
752,100
756,111
761,108
765,109
766,109
771,112
769,112
768,113
763,116
769,119
766,122
767,130
764,132
767,138
769,144
761,147
755,148
754,146
753,143
755,135
757,132
755,132
754,126
751,126
751,130
749,134
747,135
747,143
750,149
750,151
749,154
755,158
754,162
752,164
758,163
758,165
757,169
753,174
748,178
740,179
743,171
740,166
734,167
733,170
725,171
723,171
722,174
719,173
716,183
721,185
731,181
731,177
735,180
735,190
732,191
731,194
752,198
753,201
758,202
759,199
759,197
765,200
766,199
765,193
765,190
762,192
761,187
759,181
770,168
771,179
778,179
779,180
780,179
784,180
793,185
788,188
783,185
781,186
776,185
770,193
777,194
787,205
781,210
775,200
771,198
768,200
769,207
768,208
773,210
772,212
760,219
757,221
756,219
756,218
754,217
752,216
757,210
751,206
743,211
733,206
729,208
727,206
730,196
726,196
722,193
719,188
718,193
713,196
714,199
715,200
718,202
720,201
721,203
723,209
717,209
717,212
720,212
720,215
725,218
734,222
736,222
732,232
734,236
736,233
741,232
741,231
747,225
751,224
754,224
750,230
755,232
755,233
756,232
757,232
758,231
761,229
760,228
768,219
772,221
777,227
779,229
776,230
775,231
775,235
771,232
767,229
765,232
766,239
771,241
769,247
759,246
747,240
744,244
740,241
739,247
741,252
745,254
745,262
756,271
756,258
765,257
766,261
771,262
770,265
769,264
764,265
765,266
767,269
777,271
775,277
777,281
767,278
761,276
746,288
759,292
764,293
764,286
769,291
774,290
776,303
768,301
758,305
754,310
746,309
748,306
740,297
736,299
731,306
727,300
727,299
728,295
726,294
726,302
725,308
718,306
716,304
718,301
715,299
714,300
709,301
714,292
718,294
725,290
735,287
733,282
744,280
747,282
749,273
742,273
740,273
735,268
731,268
725,271
725,268
735,265
735,256
734,254
731,255
722,250
730,249
731,243
732,238
730,238
725,233
724,234
720,229
716,236
718,240
719,248
715,250
714,252
714,256
713,256
704,263
712,268
719,268
721,270
723,275
721,278
722,286
718,286
710,286
707,282
709,279
705,278
701,278
703,271
697,272
695,271
697,265
697,262
696,252
691,254
691,249
694,247
698,235
703,234
707,229
709,230
710,227
713,227
716,225
718,222
719,219
716,219
716,214
713,214
709,217
705,214
706,220
705,224
701,223
699,225
697,227
698,222
696,220
703,210
698,210
697,206
690,214
687,214
684,215
671,214
668,215
667,217
668,219
688,221
686,226
685,225
680,228
680,239
672,230
663,223
662,222
661,220
658,218
659,220
659,224
657,232
664,230
665,235
657,239
650,239
653,243
659,242
660,241
662,241
666,241
673,242
672,245
665,243
664,244
661,248
661,250
660,259
669,255
669,254
673,251
674,251
677,244
681,245
684,249
675,251
673,258
672,264
676,262
679,262
688,271
693,273
688,277
689,288
689,290
700,292
700,294
695,295
690,298
681,294
681,289
675,287
685,278
676,272
671,273
668,277
666,279
671,284
669,288
666,290
668,292
669,299
659,295
654,289
654,288
654,287
658,279
649,282
645,281
644,274
642,275
639,273
642,272
644,270
648,273
658,268
656,267
649,263
654,257
651,257
651,255
647,252
638,260
638,261
634,259
633,255
638,249
641,244
645,230
644,224
639,229
633,224
635,231
634,232
640,239
633,244
630,243
629,244
628,245
624,245
629,246
630,253
629,261
631,261
631,262
631,271
628,271
625,270
621,270
625,255
623,249
621,248
617,250
620,243
620,240
622,239
621,237
614,240
614,245
613,245
611,246
612,247
609,251
607,239
606,234
611,229
621,226
623,226
626,225
628,220
623,210
622,216
617,220
610,222
607,224
610,216
602,205
605,194
611,199
616,195
612,189
606,188
606,182
603,183
597,185
594,183
592,189
596,192
591,194
596,200
595,209
602,216
595,216
591,213
588,213
588,216
585,222
586,224
578,222
576,220
576,218
579,217
573,214
571,213
567,215
571,222
569,223
561,222
559,228
558,230
557,247
557,250
539,245
546,234
537,233
539,239
534,242
523,241
522,249
520,253
522,254
520,256
518,256
512,255
509,261
516,265
516,268
519,272
520,277
522,274
523,260
530,256
523,251
532,246
536,257
542,250
544,256
546,255
547,256
555,253
557,252
559,254
557,257
562,259
569,255
563,253
562,251
564,250
566,246
565,244
565,240
564,240
564,234
564,230
577,230
576,233
573,232
571,233
570,236
569,238
571,245
574,245
585,236
591,242
595,240
596,233
598,234
600,233
603,231
604,230
599,238
604,244
599,249
601,254
602,262
594,256
587,246
585,247
577,252
581,257
588,267
590,271
578,271
582,282
592,273
599,268
600,269
602,266
605,265
611,267
612,273
611,280
617,275
620,276
619,277
619,285
607,288
607,282
604,279
602,278
601,277
597,284
597,288
603,299
609,302
610,296
616,297
622,288
626,287
626,280
634,275
639,277
639,278
641,282
643,286
640,284
635,286
633,287
634,289
636,291
644,293
646,299
639,295
637,298
638,308
637,307
634,301
631,299
627,301
616,306
612,310
606,306
602,308
610,317
615,319
618,318
618,328
628,316
624,310
625,308
628,304
630,308
635,311
638,309
644,307
645,308
648,304
649,304
656,304
655,309
658,311
655,313
648,316
645,315
646,319
646,327
644,329
640,329
642,337
639,340
633,333
631,327
629,326
627,330
623,332
625,341
632,337
634,337
635,340
635,342
636,346
631,352
628,345
621,341
615,336
605,332
602,322
595,324
595,325
593,327
591,327
585,329
588,333
589,334
599,338
604,345
605,346
602,351
607,353
606,356
615,355
616,355
616,358
618,355
619,354
621,352
630,356
628,372
637,365
644,369
642,365
639,357
639,348
647,346
649,347
660,346
653,343
652,340
652,331
657,336
658,334
660,329
663,326
665,339
674,340
676,343
679,342
676,336
677,331
678,330
684,332
682,327
677,326
674,328
670,326
666,322
662,313
664,309
665,303
670,303
669,310
673,313
675,316
677,313
679,314
690,308
692,307
692,304
691,301
695,302
699,303
701,307
703,306
705,308
703,312
701,320
696,312
689,313
685,316
689,326
699,330
701,327
701,324
705,321
711,324
715,324
721,325
721,321
723,320
726,315
732,312
732,313
731,317
734,323
740,319
745,321
750,317
752,319
758,313
766,311
769,309
769,311
765,317
764,321
765,323
759,319
754,324
754,338
746,344
744,347
744,349
740,347
738,339
737,339
734,344
732,343
723,341
729,339
731,335
735,325
728,329
724,330
712,332
709,334
708,335
711,336
721,334
721,337
718,343
718,346
718,354
731,354
737,351
735,354
732,356
732,359
742,362
753,370
751,378
753,383
756,388
760,388
764,390
765,391
773,397
774,400
774,402
776,406
771,405
767,402
765,405
762,399
759,399
757,398
758,391
753,389
747,390
738,388
733,391
729,402
721,394
720,392
723,390
721,386
721,385
726,386
725,379
727,376
719,358
713,355
709,351
704,353
708,347
707,345
707,344
705,343
704,340
703,342
698,344
693,340
689,348
687,354
678,348
672,351
664,348
663,350
662,351
656,352
653,353
653,358
659,362
668,371
666,372
660,370
659,375
664,375
667,375
675,375
675,379
667,382
666,388
666,389
669,391
669,385
670,386
680,389
681,389
680,383
679,380
679,378
681,377
685,374
688,381
688,384
690,379
693,379
694,378
698,377
704,376
705,380
709,382
709,381
707,377
709,375
699,372
690,366
691,361
704,364
706,361
708,365
720,374
715,376
713,379
717,384
710,390
699,390
701,392
716,402
718,415
725,413
735,412
739,411
739,414
739,417
733,415
728,418
726,420
719,418
708,422
709,423
714,426
724,432
725,430
730,423
731,424
736,425
736,427
733,437
735,435
741,432
741,431
747,433
744,430
744,429
742,425
747,424
752,415
755,412
759,426
758,426
752,427
753,436
760,441
762,434
774,432
783,432
782,435
780,445
779,445
778,445
774,446
768,449
764,447
756,445
754,443
747,444
746,441
743,439
737,450
739,450
748,454
751,459
753,454
758,456
760,453
767,454
767,455
767,456
768,455
771,456
769,459
770,460
774,461
774,463
783,471
785,474
785,483
786,497
783,498
781,507
780,515
781,516
782,517
784,518
778,520
773,521
775,526
777,529
772,537
768,538
766,537
766,534
770,529
762,530
763,527
757,524
754,533
748,546
746,544
744,545
738,547
738,544
742,537
748,534
738,527
734,532
733,532
729,531
729,534
726,536
714,531
713,533
717,537
720,542
715,544
715,542
711,542
708,541
702,552
700,551
694,550
694,547
685,548
684,545
688,544
690,546
692,543
699,539
704,535
701,533
703,532
704,529
703,528
703,527
704,525
702,526
698,524
692,517
691,515
685,519
686,525
687,527
686,531
680,530
679,532
679,545
668,547
670,544
668,538
669,536
674,530
679,528
679,526
676,507
673,517
672,526
669,529
667,530
667,532
663,536
655,530
653,531
651,529
651,537
652,540
656,537
657,538
661,540
663,540
665,544
664,547
666,555
669,554
670,554
672,557
678,554
681,554
684,556
684,561
678,560
673,563
676,565
676,566
674,570
672,569
671,566
664,562
656,559
660,556
658,552
657,551
653,552
655,554
653,555
650,555
647,554
647,552
644,546
643,539
642,531
641,532
632,530
638,540
631,541
632,542
637,546
634,549
635,564
643,557
658,565
660,565
664,569
664,571
668,576
666,576
664,581
657,577
656,579
659,585
649,589
644,579
640,579
638,575
636,573
635,573
632,571
623,566
620,563
619,554
608,560
606,558
605,554
609,549
624,550
626,543
628,531
624,528
624,532
624,534
619,536
617,542
608,541
605,546
596,545
596,541
588,537
596,535
600,532
603,532
607,531
604,531
593,531
588,521
583,524
579,523
574,526
577,522
583,518
583,514
584,514
591,506
593,510
598,511
599,513
597,517
598,517
599,520
602,516
605,516
607,517
613,523
611,533
614,534
620,526
625,520
630,525
637,523
639,520
644,524
652,522
655,518
661,511
662,511
663,508
659,502
661,502
668,502
668,493
664,490
663,493
660,499
658,500
655,498
654,498
654,499
651,503
643,496
639,497
639,495
642,490
642,489
644,487
639,479
634,480
636,489
633,493
627,492
627,475
622,479
618,488
619,491
621,495
624,498
629,496
631,497
631,498
636,498
639,500
638,506
646,506
641,511
642,512
639,515
637,515
635,517
633,513
628,516
621,514
626,511
624,506
610,505
609,501
613,502
614,501
614,497
611,487
613,481
606,479
603,483
602,481
602,476
603,473
599,474
595,471
594,466
594,461
602,462
610,454
611,459
613,460
615,458
615,462
611,465
607,465
615,471
616,468
621,462
627,462
627,460
626,455
632,460
632,471
634,477
639,473
641,472
641,471
653,475
650,484
651,486
651,489
650,491
655,493
658,494
659,495
660,494
661,488
667,488
671,489
674,491
673,493
674,493
676,492
686,493
691,492
684,495
683,495
682,504
690,511
693,509
696,502
696,504
698,508
697,511
710,514
711,507
714,505
715,502
707,508
703,501
708,497
702,494
698,485
691,486
690,487
682,477
671,481
664,481
660,481
660,476
664,471
671,470
670,460
662,456
654,454
654,453
654,445
655,441
657,442
659,436
664,434
665,425
669,431
670,435
678,437
676,439
675,440
678,447
676,452
669,451
668,457
673,455
674,455
675,455
682,458
684,460
680,461
682,463
680,465
686,466
690,467
694,461
698,467
702,468
705,476
700,477
702,480
704,480
708,480
713,483
716,473
719,467
711,471
708,464
704,460
707,457
705,451
715,450
716,456
715,461
716,463
722,461
724,465
725,471
727,471
729,466
732,464
733,468
733,471
736,468
739,471
742,471
747,477
742,491
738,485
734,486
728,481
729,484
732,495
722,497
727,500
729,505
726,507
732,512
731,516
723,524
716,522
712,523
721,530
726,528
727,527
729,527
731,527
733,521
734,511
743,507
744,511
748,516
757,516
759,516
762,517
769,518
769,516
768,515
770,512
767,508
770,501
773,502
775,505
779,498
778,496
780,492
777,484
772,488
763,496
752,502
750,499
744,493
749,489
753,491
757,492
755,486
764,487
764,481
766,479
770,481
767,477
764,476
758,478
752,477
750,476
754,474
760,471
761,473
766,473
770,466
767,465
766,467
763,462
756,466
751,467
748,467
745,462
736,462
729,453
733,447
733,442
727,441
723,442
717,439
714,437
712,432
704,432
704,436
702,450
696,451
692,456
691,456
686,452
693,450
697,446
689,440
693,440
700,433
707,412
708,410
706,405
702,401
700,401
694,396
689,395
685,394
683,396
680,394
670,397
659,399
658,394
660,386
660,384
658,386
652,384
651,380
652,380
655,378
657,376
653,368
651,371
652,372
649,373
646,375
648,376
648,377
647,382
649,384
644,390
651,396
649,403
644,409
642,407
641,402
640,400
645,397
641,391
640,392
639,395
637,404
634,410
635,410
636,410
644,419
645,427
644,429
646,429
655,413
658,410
670,410
676,411
675,414
678,416
686,413
678,407
673,403
681,399
682,400
693,408
696,410
696,418
691,418
689,420
682,429
679,428
678,426
679,424
672,421
670,420
664,420
660,424
656,430
654,433
651,434
649,439
650,446
647,448
649,452
646,457
646,458
643,459
641,459
641,458
638,451
639,448
635,447
626,449
621,452
615,446
609,445
602,441
600,443
594,448
594,449
595,452
592,452
586,456
593,440
591,434
583,438
583,434
582,433
583,432
586,428
582,423
590,422
592,422
592,414
598,409
601,407
604,415
606,418
608,422
605,429
604,436
607,439
614,432
618,430
620,430
621,435
621,441
626,438
627,433
631,432
628,429
625,424
624,424
614,419
612,409
612,408
614,405
610,402
615,401
617,405
628,403
627,396
632,388
633,382
629,384
623,385
620,384
614,384
613,388
614,391
616,391
617,390
618,397
616,397
612,395
602,403
590,400
590,397
589,396
591,395
592,393
598,396
604,393
607,387
604,386
605,384
609,383
612,382
616,379
612,374
607,370
606,369
602,366
599,366
595,362
597,357
590,357
587,357
589,353
589,352
592,348
592,347
596,343
588,338
585,344
579,347
578,338
577,332
572,330
574,328
582,315
580,309
574,304
578,303
580,303
579,306
581,306
586,307
590,303
596,294
597,293
593,288
591,288
580,292
577,296
574,289
566,291
564,282
568,283
568,280
570,275
569,274
568,275
565,272
565,269
557,268
555,268
546,270
542,271
541,268
535,265
533,265
533,267
534,269
539,272
534,279
527,286
541,283
540,282
540,278
543,278
545,275
553,274
557,277
557,285
558,292
565,300
568,303
565,304
563,306
566,309
565,310
559,314
564,313
567,312
573,319
571,325
572,326
568,327
564,328
563,329
558,321
554,327
550,328
557,333
561,337
565,339
565,345
573,339
573,342
576,345
574,346
573,348
567,351
562,353
560,352
558,352
554,351
553,350
554,349
555,345
551,342
545,339
543,335
539,333
543,339
542,342
541,343
537,342
533,340
533,341
528,346
526,344
523,346
514,340
511,342
503,347
501,350
499,349
496,347
497,346
495,339
503,337
506,336
508,338
511,332
506,331
502,324
497,318
492,314
492,317
491,317
487,318
485,317
482,316
482,315
485,311
492,309
494,308
497,304
493,300
494,295
500,297
502,295
507,299
507,303
508,304
515,302
517,296
523,301
521,304
521,306
523,314
511,313
507,319
513,321
512,322
513,324
510,324
511,327
517,327
520,325
525,329
520,332
519,338
524,334
528,333
533,335
531,330
538,327
541,325
544,319
549,320
550,316
554,311
553,308
551,309
549,307
543,308
538,313
533,312
540,303
541,304
546,300
551,303
552,302
552,299
550,293
544,292
542,294
542,296
538,296
533,297
530,299
526,299
524,298
520,291
521,290
520,290
517,285
506,293
505,282
505,281
505,273
511,271
505,265
503,262
506,258
502,254
501,258
498,257
499,265
500,267
499,272
498,273
496,275
497,281
492,273
491,271
489,265
488,266
488,267
489,268
486,275
478,278
478,276
475,271
473,270
471,278
474,280
477,283
479,283
480,283
486,292
489,297
487,297
486,300
483,304
479,309
478,311
473,305
472,306
464,312
464,313
457,323
462,328
453,329
449,325
451,321
443,320
433,315
434,311
442,306
448,308
452,302
450,300
445,299
443,298
443,296
442,298
433,301
437,305
431,311
430,318
431,325
428,327
430,327
434,331
435,331
439,329
443,337
441,345
440,344
436,342
432,341
436,336
433,334
429,336
425,342
421,340
418,339
414,347
413,350
418,354
419,357
421,357
425,356
428,356
430,361
434,362
434,353
438,354
442,350
448,347
448,354
454,354
457,355
457,357
451,361
450,362
441,361
440,364
438,370
448,366
453,366
457,366
459,365
463,367
466,360
469,359
469,361
472,361
477,345
462,344
458,344
463,341
466,336
471,336
469,331
480,330
491,324
494,325
483,341
480,344
489,349
487,355
486,363
495,367
497,358
499,357
499,361
505,373
497,371
496,374
499,385
506,384
501,395
504,395
507,402
511,401
513,401
517,408
521,408
524,410
527,410
537,411
537,407
539,405
532,404
529,402
530,400
528,396
533,392
539,390
533,385
526,386
523,388
517,388
516,388
515,387
510,383
508,384
508,377
513,376
509,369
513,366
510,361
508,359
511,358
513,358
517,354
517,366
521,363
527,361
528,362
527,363
524,367
524,368
527,367
532,379
535,378
545,380
547,393
550,391
554,391
556,389
557,389
565,392
563,390
560,384
560,376
555,377
554,379
544,374
537,367
538,365
540,363
536,359
535,358
534,353
532,351
538,353
540,355
545,349
545,356
544,358
551,363
556,356
559,356
568,361
570,361
573,358
573,355
572,353
576,355
578,354
587,363
584,369
578,372
578,373
577,372
568,366
571,373
570,377
565,375
568,387
572,383
580,382
590,379
592,384
587,388
576,394
575,393
567,398
576,401
581,399
581,401
585,409
583,409
579,413
575,418
570,419
566,411
566,402
563,400
557,403
558,408
545,409
546,415
549,417
550,425
555,425
559,425
566,420
569,424
568,429
573,431
579,441
573,438
568,437
565,433
562,434
562,435
559,434
555,436
553,437
549,435
546,437
551,445
560,451
562,452
566,451
576,448
574,453
571,456
566,463
557,464
548,467
546,457
545,450
548,446
541,440
538,442
536,442
534,433
530,434
530,431
529,431
529,424
536,429
542,428
536,422
532,421
529,421
529,419
527,417
525,415
524,419
521,418
511,418
509,411
507,413
508,417
505,428
501,434
504,437
508,442
516,444
510,440
509,437
515,426
523,436
523,439
522,442
524,443
524,454
516,457
514,452
513,450
512,450
506,452
503,443
502,443
496,446
496,449
497,454
490,452
488,453
479,451
480,456
476,458
475,459
470,464
474,472
472,476
468,475
469,471
460,467
464,458
464,448
460,446
467,443
466,437
469,439
477,440
477,438
482,439
496,438
491,436
483,429
488,421
475,416
469,413
465,407
470,405
472,405
475,409
476,407
478,403
484,402
488,413
490,417
491,419
493,423
501,420
499,418
494,415
500,406
501,404
494,401
490,393
489,385
487,381
490,376
482,381
479,383
477,384
473,384
475,373
473,370
472,370
471,370
471,373
464,373
465,380
460,377
452,377
447,388
449,391
449,398
444,397
438,402
440,404
449,406
450,408
453,409
454,406
459,394
460,394
473,398
458,402
462,414
475,419
473,423
472,425
473,426
473,431
471,426
465,425
457,430
457,435
456,440
456,442
458,454
454,451
447,451
444,448
448,447
448,438
448,435
445,434
443,432
446,428
453,419
451,415
456,413
453,412
446,413
439,419
436,421
435,421
432,421
438,424
440,423
440,431
437,438
437,439
436,439
438,450
432,455
439,456
441,459
444,463
441,464
443,465
442,469
434,466
434,477
431,477
419,481
417,466
418,463
418,461
415,459
415,455
424,450
429,445
430,443
428,441
427,442
415,440
407,441
406,447
393,452
389,454
380,458
378,460
381,462
376,478
373,476
370,475
371,471
374,466
374,462
369,457
369,456
372,443
370,439
365,440
368,445
357,457
352,455
350,452
351,460
352,460
353,462
356,469
358,471
357,475
357,477
357,480
355,475
351,472
348,472
350,479
346,483
342,484
352,489
355,488
360,491
356,495
353,500
347,493
338,499
340,501
342,505
346,508
340,507
340,511
340,513
333,513
323,502
326,512
328,515
327,517
324,521
320,517
320,520
320,534
321,539
324,535
330,532
333,537
334,539
335,550
339,561
331,555
325,555
324,555
319,556
324,558
324,559
323,561
326,560
330,563
330,565
330,568
333,565
334,565
335,571
335,581
329,591
333,596
335,597
338,592
340,593
340,590
339,586
338,586
338,582
338,581
342,577
339,571
339,567
341,567
353,560
352,572
350,575
358,572
361,573
363,574
362,566
360,562
365,559
360,557
352,548
344,553
344,551
342,548
340,539
337,527
344,525
351,522
350,520
354,517
355,515
348,507
360,507
362,513
364,519
354,529
358,531
365,530
367,539
371,539
371,543
364,543
364,545
362,547
372,551
377,553
379,562
375,566
372,562
373,565
372,576
367,578
358,582
354,587
351,585
350,589
352,593
352,596
356,593
361,589
364,589
365,596
365,597
368,591
369,590
372,590
374,594
374,598
384,599
383,593
379,591
382,588
376,585
380,582
379,580
379,578
379,577
379,573
382,580
387,580
387,588
390,588
392,595
394,591
396,586
398,591
399,594
401,594
401,597
405,593
403,587
398,580
393,581
391,574
394,572
393,566
398,568
398,565
396,561
395,554
393,560
391,560
386,562
385,558
387,552
381,550
380,545
381,543
387,546
384,543
382,542
377,537
376,537
376,528
371,523
369,523
371,515
372,514
377,520
378,520
382,520
387,526
393,528
395,524
395,518
394,518
391,513
388,515
377,512
368,508
364,507
364,504
363,503
366,494
371,488
371,498
373,499
374,507
379,508
379,506
380,504
380,502
383,503
381,491
382,483
391,482
394,488
397,481
384,477
382,469
385,469
388,465
392,466
395,462
395,457
404,456
409,451
409,452
409,456
412,456
413,466
411,466
408,467
406,468
402,467
402,468
407,470
406,472
406,475
409,479
408,480
405,484
401,489
399,492
398,500
392,504
392,505
401,501
407,501
402,506
400,509
407,510
417,507
419,510
423,513
425,508
424,507
424,506
428,504
426,500
425,494
420,493
422,491
426,485
429,488
437,494
442,495
438,492
434,484
436,481
441,478
447,470
450,465
452,474
452,475
454,476
459,474
459,477
458,478
452,482
456,486
456,491
458,489
463,488
465,484
471,487
478,488
481,482
484,488
479,494
477,496
476,492
473,493
474,496
477,498
473,507
485,508
482,513
481,514
477,522
479,523
489,524
489,534
487,536
490,535
495,534
496,533
496,530
492,528
492,521
490,518
488,516
492,516
492,511
490,508
484,499
490,497
491,491
491,490
497,500
495,503
494,506
497,508
501,503
502,504
507,506
509,504
510,508
506,514
503,516
506,521
511,531
512,532
512,533
520,533
526,532
527,530
527,527
526,520
526,519
523,512
534,513
539,517
536,525
530,532
539,535
535,536
531,537
522,537
516,535
515,537
508,535
508,537
505,539
506,546
501,551
497,547
494,541
486,541
481,536
479,533
476,529
477,524
475,522
472,524
470,522
470,524
466,533
465,537
475,543
480,550
477,554
472,561
471,564
478,560
487,560
486,556
487,553
484,549
493,551
492,555
492,557
489,558
492,564
488,567
479,568
478,573
477,575
464,585
462,580
461,577
465,578
467,571
464,570
459,572
459,570
451,566
460,558
461,551
459,552
454,548
446,562
440,556
435,555
444,548
450,546
447,545
444,542
448,535
456,533
460,534
462,535
462,528
455,522
450,519
448,515
439,519
437,521
440,511
446,510
447,513
453,514
459,519
464,518
462,510
465,511
466,510
467,510
472,509
470,508
466,502
465,497
458,500
453,503
449,493
446,493
445,496
444,498
443,505
439,501
430,508
433,519
429,520
429,526
438,528
438,534
432,538
432,545
430,542
427,539
427,534
427,530
429,529
430,529
428,528
428,525
421,521
421,518
419,514
418,516
418,517
413,517
411,518
409,519
407,523
413,527
420,529
418,530
412,529
396,530
395,533
390,537
387,536
390,540
401,546
402,550
406,544
412,547
422,552
421,554
420,555
415,555
414,553
410,558
407,559
404,565
406,566
410,572
413,568
419,563
424,567
430,569
423,574
421,580
424,581
426,582
422,583
421,585
414,586
414,590
426,594
429,589
431,590
442,591
442,586
437,584
433,578
438,575
446,580
446,583
450,584
451,578
454,580
460,585
451,592
453,597
454,595
458,595
459,589
461,589
461,591
467,592
472,585
475,588
475,592
481,597
485,594
488,597
494,583
507,597
512,597
508,593
509,590
503,579
491,576
485,575
497,567
503,568
504,572
507,577
509,573
510,573
510,570
507,562
505,561
508,554
512,554
521,548
522,553
514,561
522,567
525,567
536,572
536,571
537,571
539,568
539,559
536,556
534,551
545,551
543,548
534,543
539,542
539,540
542,540
544,542
549,541
545,532
545,530
549,527
548,525
550,522
551,517
548,516
549,515
551,514
544,505
549,507
550,507
554,512
555,513
557,516
561,512
559,509
556,507
559,506
563,502
557,504
555,501
552,497
551,493
552,489
545,487
535,488
536,490
535,496
533,503
527,505
520,503
525,500
521,493
518,497
515,493
513,492
515,489
516,481
520,476
517,478
508,481
503,476
501,480
494,476
489,474
486,474
484,470
483,465
479,465
482,463
488,460
487,468
498,471
498,469
501,466
501,463
503,466
515,474
516,463
519,461
521,463
522,460
534,460
531,466
535,467
537,470
537,472
530,472
530,475
544,476
552,477
557,483
559,484
564,482
567,483
566,481
567,479
573,482
571,478
569,476
570,474
570,472
569,472
568,472
563,471
563,470
571,467
571,462
573,459
579,462
578,470
575,471
578,476
582,471
587,473
591,470
593,478
588,489
597,493
592,494
590,492
588,492
586,491
577,487
565,491
562,498
563,500
565,503
566,505
569,502
575,501
576,501
579,500
576,506
576,509
579,509
582,508
576,517
570,518
568,513
566,520
568,525
556,529
559,538
565,545
567,546
563,562
558,565
552,562
546,567
548,570
547,577
543,578
536,580
536,586
528,578
522,574
519,573
516,571
512,576
515,579
523,581
522,583
525,587
524,588
523,591
522,596
527,595
532,593
533,596
532,598
540,598
547,599
550,598
554,598
550,591
554,586
559,572
565,570
567,568
576,563
573,556
577,547
580,549
583,542
588,548
588,553
587,559
588,561
585,563
579,568
580,573
582,575
574,583
572,573
570,577
564,584
561,585
562,589
570,589
570,593
576,594
582,588
586,588
582,579
590,573
591,577
594,581
590,584
592,596
602,588
610,588
610,589
611,589
612,596
617,595
617,584
612,581
603,579
597,572
592,568
596,566
593,559
604,563
607,566
608,566
614,564
621,567
624,575
630,575
628,582
625,581
620,582
621,590
631,591
631,592
636,595
635,589
637,586
642,589
644,597
653,598
657,592
661,592
662,594
669,588
668,599
673,596
674,592
677,590
683,594
686,599
692,595
686,590
690,581
694,579
694,584
694,585
700,586
703,584
708,590
708,591
708,594
714,585
715,591
712,598
715,597
717,599
719,599
719,591
718,588
722,587
728,585
730,590
732,591
746,584
746,587
750,593
752,595
752,592
753,587
755,588
757,595
767,595
769,588
766,588
767,582
773,584
776,588
782,591
777,599
781,598
797,597
792,591
791,587
793,580
792,580
791,579
779,572
774,563
777,562
788,559
796,558
782,550
776,552
774,548
770,551
767,548
768,551
772,554
770,555
769,559
766,559
764,559
763,559
765,563
770,567
769,571
767,569
762,573
757,574
753,572
751,566
741,563
743,567
745,573
739,572
734,570
728,572
727,570
721,568
723,565
721,563
719,566
721,573
714,580
706,577
703,576
704,571
699,572
694,571
688,567
686,571
684,569
682,564
687,561
700,561
701,561
704,562
705,556
713,557
721,556
730,556
732,557
733,558
733,559
737,559
739,560
747,558
747,557
749,556
753,555
754,555
760,554
761,549
763,549
763,542
772,541
787,537
793,537
797,547
798,536
796,527
788,526
790,525
794,521
793,516
792,513
791,511
790,509
794,506
798,504
788,499
788,494
791,484
796,478
796,475
790,476
787,469
780,458
788,452
793,450
797,452
799,448
796,444
793,441
791,442
789,441
788,439
788,425
783,425
772,411
780,416
792,424
798,426
797,419
787,414
792,402
788,397
786,391
790,386
783,388
773,379
775,377
776,376
782,371
780,365
781,365
784,366
790,365
794,366
794,360
795,355
797,352
799,353
799,347
793,343
789,336
787,339
785,337
780,340
783,343
787,350
790,355
782,358
778,350
767,356
771,356
772,357
773,362
769,370
766,374
758,377
759,368
761,360
753,359
749,363
747,362
746,361
746,355
748,350
750,349
751,351
753,351
758,351
759,347
763,345
761,338
769,332
772,332
774,333
773,336
778,333
780,333
784,330
775,325
771,321
778,316
780,314
782,319
783,325
791,328
795,328
795,325
793,317
790,317
789,308
788,307
787,299
788,298
786,296
784,296
781,292
784,292
792,297
792,296
796,294
799,293
795,286
794,285
799,281
796,273
796,265
793,269
788,273
787,273
784,262
782,260
776,264
774,261
776,257
779,255
783,256
783,247
788,248
792,252
794,252
791,240
797,241
798,235
793,236
793,234
794,228
793,224
791,217
787,210
793,211
795,207
798,202
796,200
792,193
797,192
799,190
799,184
795,174
797,169
791,174
788,174
785,167
781,161
776,155
769,155
772,152
775,152
780,150
787,152
796,153
797,157
797,154
797,137
788,143
782,141
785,145
784,147
779,147
779,142
781,137
778,135
783,133
785,131
778,120
782,118
785,124
790,132
799,129
796,117
794,118
792,116
794,107
775,112
774,111
776,107
772,100
776,96
772,93
768,98
764,99
764,94
764,92
765,91
761,89
751,88
757,85
759,86
760,84
760,82
763,82
768,83
770,82
775,79
775,76
763,75
760,73
759,76
757,76
754,74
753,77
750,81
750,83
744,91
740,86
744,82
742,80
737,80
736,75
732,71
740,74
745,69
751,68
761,67
761,64
764,64
777,60
786,69
784,69
780,71
780,78
782,78
784,79
786,84
785,87
778,90
779,92
779,93
782,95
782,99
788,104
790,101
790,99
790,97
799,92
792,90
792,85
789,78
796,72
795,70
792,61
790,57
799,54
798,51
787,49
780,49
779,44
781,40
790,36
791,37
794,37
794,36
794,35
794,27
799,28
798,27
797,19
788,29
782,30
787,24
788,19
790,13
791,11
794,3
793,1
786,0
783,1
780,7
785,10
785,11
781,14
778,16
782,23
771,24
766,20
763,22
754,33
765,38
765,40
771,43
767,44
766,44
759,47
767,51
757,65
750,63
737,64
733,60
723,60
719,60
718,56
716,56
709,55
706,58
697,55
701,66
699,70
693,69
694,61
685,60
678,64
685,57
683,53
693,51
695,54
703,37
717,52
721,51
723,52
725,53
726,46
729,38
725,34
723,31
729,27
730,30
737,32
736,35
736,37
732,52
729,55
732,55
732,54
739,55
747,58
748,59
749,55
755,49
749,42
752,37
747,36
748,32
748,30
749,26
745,28
741,19
737,18
734,14
759,20
763,17
767,13
763,9
761,9
760,9
757,7
762,0
747,5
745,11
742,5
738,0
726,2
720,8
716,8
715,1
703,4
708,9
713,11
721,19
723,19
725,15
729,18
729,21
723,23
716,25
707,21
710,29
712,32
705,31
689,19
687,19
692,16
695,19
705,15
701,12
693,11
694,7
684,1
685,13
685,14
682,18
678,18
686,27
688,33
687,34
683,39
685,45
685,47
679,45
677,46
676,46
674,47
670,52
673,57
666,61
664,64
658,65
657,66
653,64
650,67
647,67
650,79
654,79
654,78
659,77
656,74
658,73
660,73
662,73
670,71
673,76
677,77
679,73
679,72
682,76
691,83
701,86
701,87
698,90
697,90
689,97
687,94
688,87
675,90
674,89
671,87
668,86
674,95
677,98
684,100
680,115
684,118
684,123
680,125
673,128
674,131
677,137
680,138
686,136
687,142
684,141
677,144
675,150
674,150
675,156
676,159
678,162
678,164
671,162
668,164
664,164
670,152
665,150
660,148
659,149
657,148
656,158
655,164
649,166
648,174
642,176
637,179
628,173
629,169
630,160
635,162
638,153
645,156
651,161
653,156
652,156
650,150
646,150
647,146
647,144
654,141
662,143
663,145
670,141
669,138
667,139
659,131
659,129
659,125
664,128
671,123
668,122
668,117
671,113
666,114
665,109
667,105
668,100
663,95
655,86
646,85
638,88
631,86
631,84
629,78
629,75
630,73
628,70
638,64
634,63
618,63
618,68
620,69
619,74
621,75
625,74
628,82
625,86
623,87
623,89
632,89
630,98
630,99
622,98
620,97
619,98
606,94
599,91
598,95
600,106
599,107
595,110
591,110
590,115
584,106
580,101
583,95
590,91
593,91
592,83
591,80
594,70
596,66
592,67
586,66
587,62
587,53
586,53
585,51
591,52
592,48
596,50
596,52
595,54
598,56
594,59
601,68
602,66
604,66
604,70
605,80
607,84
611,90
613,88
615,83
615,81
610,76
612,71
611,64
607,58
616,56
624,59
625,57
629,59
634,59
637,55
633,48
630,45
637,35
630,36
625,41
625,43
623,44
622,50
619,48
609,44
611,40
610,40
608,38
619,29
621,25
631,21
643,31
646,27
649,23
659,17
660,18
665,16
667,17
659,22
656,26
654,29
652,28
653,30
650,36
651,45
653,50
648,51
652,55
661,46
660,40
663,42
665,46
667,45
667,44
666,43
667,42
671,41
667,36
659,34
658,28
665,27
665,21
670,19
675,10
662,6
655,12
653,13
643,1
639,2
631,0
632,7
627,17
622,17
620,12
624,8
620,8
616,11
616,13
615,17
614,17
613,18
615,19
608,24
610,29
605,26
601,32
602,38
602,46
600,44
596,41
599,25
599,20
601,13
609,14
604,8
606,4
599,3
595,6
594,5
590,1
589,0
586,1
583,6
582,8
588,9
585,18
589,21
596,21
592,26
589,27
589,28
593,33
590,34
589,36
591,39
590,40
593,43
583,48
580,33
576,40
565,39
565,40
564,42
564,43
564,49
574,43
576,43
575,48
580,56
583,56
580,62
573,59
571,55
568,56
570,60
567,66
566,73
568,73
569,75
578,66
576,73
577,82
582,86
577,86
568,95
564,93
563,93
566,97
563,101
544,106
544,107
549,112
548,113
542,116
541,112
543,111
540,107
534,108
537,106
539,100
539,99
536,99
534,95
530,87
529,84
527,83
521,81
519,78
514,79
519,69
523,74
529,79
537,84
536,91
540,94
549,94
551,94
557,97
561,91
552,87
550,86
551,78
549,77
543,88
542,88
539,81
536,80
540,75
539,74
537,74
536,73
532,69
529,66
544,60
546,61
555,68
556,65
561,66
553,55
549,52
545,51
544,54
541,55
541,51
539,49
539,48
535,48
533,44
524,33
524,31
519,26
526,21
532,14
536,17
540,12
544,10
548,10
546,12
545,16
550,20
552,20
548,23
545,22
548,32
545,29
544,29
532,24
532,25
533,27
540,29
540,30
540,31
539,34
543,41
543,42
545,44
547,46
550,44
552,41
554,44
557,42
559,37
561,36
560,36
555,35
560,32
561,24
567,32
570,32
569,27
573,28
579,25
576,20
573,13
565,11
566,11
573,11
576,10
577,4
571,4
562,1
550,1
543,5
541,4
539,4
539,7
532,2
525,5
525,4
521,0
519,1
523,7
522,9
520,11
526,16
526,17
523,18
519,13
516,8
514,10
511,13
510,17
506,18
507,21
516,19
516,27
510,28
508,36
506,34
502,32
501,26
503,25
499,16
507,9
509,2
499,3
494,4
493,3
493,0
490,3
487,2
481,8
479,3
475,4
470,1
472,13
477,11
479,15
489,9
494,14
489,24
492,25
492,30
486,25
478,30
472,33
469,28
469,16
463,16
449,9
443,5
430,4
421,19
418,25
424,29
425,27
426,25
432,14
437,14
437,18
443,18
450,28
453,29
457,21
459,22
459,28
463,27
465,34
474,40
478,39
479,40
482,40
488,46
487,48
484,49
478,50
478,56
484,54
483,62
485,66
483,66
479,68
477,69
471,70
469,63
471,59
461,57
462,56
463,52
460,53
447,57
444,67
443,64
440,60
437,58
436,59
434,59
435,50
440,44
449,44
444,38
441,39
438,36
437,35
436,27
430,29
423,36
427,41
428,39
433,38
431,47
433,50
427,52
425,50
420,49
421,46
415,38
413,49
416,52
424,53
425,55
427,61
429,68
434,77
432,80
432,83
430,84
426,82
427,92
423,95
423,96
427,99
421,104
421,109
412,108
409,95
413,90
416,88
420,87
416,86
415,83
411,76
418,78
419,77
424,70
412,71
402,69
402,65
408,62
401,58
396,51
401,47
392,43
389,49
382,50
377,51
376,44
374,41
379,38
382,33
377,32
376,29
371,25
376,18
381,21
382,21
386,26
389,32
396,33
403,38
407,31
392,27
393,26
394,25
396,17
399,18
402,9
407,3
395,7
386,9
385,12
381,14
374,15
373,10
378,7
381,5
384,1
372,5
371,5
368,7
364,3
362,1
362,2
363,8
362,14
364,15
364,16
368,20
369,28
370,29
367,29
364,28
358,28
357,27
357,28
357,30
358,32
355,35
350,39
354,40
364,40
372,50
374,50
374,60
380,63
388,58
393,56
394,56
396,56
396,57
398,62
386,68
394,73
398,76
403,77
407,79
402,83
406,93
401,89
396,87
394,88
391,83
394,79
389,79
387,80
387,77
379,76
377,74
375,81
371,79
370,81
366,87
366,85
362,77
367,73
361,72
355,65
359,61
354,51
348,46
346,43
347,37
349,34
351,24
346,20
355,12
346,9
342,7
344,3
347,0
337,3
331,2
328,1
324,4
320,3
327,10
335,11
337,7
338,12
345,25
343,28
343,32
342,39
339,44
338,45
337,46
334,50
333,50
329,51
328,48
327,48
321,47
313,51
317,53
325,60
328,67
323,66
322,69
322,70
319,68
318,70
319,71
315,72
317,76
310,76
305,77
301,86
307,86
311,91
316,87
318,89
318,90
324,87
324,93
320,99
313,98
309,98
309,103
312,106
315,106
320,103
321,104
325,103
325,100
326,98
331,107
331,110
336,117
327,118
325,112
325,111
319,111
313,117
314,120
323,129
324,129
325,131
316,137
315,145
315,153
306,149
307,141
308,136
313,131
311,127
304,123
304,120
299,115
305,114
303,105
299,99
302,95
295,92
290,89
291,98
293,102
289,100
286,100
281,100
285,104
282,106
279,108
274,110
270,109
267,105
263,101
268,97
263,92
265,92
268,89
266,87
269,85
271,82
269,79
271,79
281,79
281,71
289,73
294,72
301,76
302,75
305,74
303,70
300,64
308,68
310,63
311,60
310,57
312,55
311,54
307,58
305,60
301,59
298,54
296,62
294,60
289,61
280,55
283,53
301,48
297,41
301,35
302,28
308,26
308,27
310,32
308,37
312,42
315,42
316,37
318,40
324,39
331,39
331,27
324,32
324,34
320,32
319,27
323,22
322,21
321,21
318,22
315,20
315,19
312,20
310,23
311,10
308,8
304,6
302,6
300,6
282,3
269,4
265,1
249,2
263,5
265,8
269,7
267,12
264,17
272,17
276,17
280,17
277,18
271,25
264,26
258,28
256,26
254,31
252,38
257,38
258,38
266,35
271,34
272,32
274,34
277,30
279,27
283,28
286,23
290,23
287,20
290,14
295,16
300,21
300,22
295,27
293,28
294,31
290,31
283,39
273,40
273,43
266,51
269,57
273,58
276,62
280,64
275,69
275,72
270,76
266,75
264,76
263,83
258,82
255,80
250,82
246,86
242,82
240,79
240,73
235,78
232,76
231,76
233,73
234,70
235,64
230,55
233,55
235,55
241,62
240,66
241,68
243,70
247,74
250,72
253,77
256,77
259,76
257,66
262,61
261,60
251,58
244,57
246,56
257,55
261,53
263,49
258,48
256,48
253,51
252,45
243,43
241,32
242,29
248,23
240,22
239,34
233,36
233,48
230,52
227,55
204,62
204,58
202,54
210,48
224,52
225,50
223,43
219,44
220,39
222,33
227,33
228,30
229,24
226,21
232,18
234,17
242,13
239,10
241,8
247,3
240,1
235,2
223,8
222,11
214,11
213,12
211,17
209,15
210,14
211,12
215,3
215,2
211,2
210,2
198,2
192,5
192,3
189,0
183,1
186,5
185,12
186,18
183,16
180,17
176,8
175,0
167,0
161,7
157,5
144,0
145,5
144,9
159,8
159,14
158,16
160,19
169,19
174,18
177,25
178,25
179,23
180,23
185,26
192,30
194,26
192,25
194,22
190,17
195,10
201,13
201,14
199,16
201,16
209,21
211,20
211,21
216,24
220,23
218,27
214,27
205,25
205,28
200,31
212,34
204,42
201,43
191,45
184,45
184,43
184,39
181,42
177,41
164,36
165,41
171,44
170,46
171,52
176,52
181,48
182,50
183,53
182,54
187,55
190,55
193,56
193,59
191,64
186,64
186,66
183,65
178,64
178,62
176,61
172,59
170,63
165,59
163,55
165,48
161,45
155,43
153,41
151,44
151,45
152,53
159,64
163,66
167,65
168,68
162,76
165,83
165,85
163,86
164,88
172,97
174,101
167,105
176,105
182,96
185,89
185,86
182,85
183,82
186,81
182,79
181,79
180,73
180,70
185,76
192,77
191,71
192,68
196,71
198,76
204,72
209,73
216,67
228,72
223,75
216,84
209,81
202,80
198,78
199,82
198,86
199,92
198,94
191,99
188,100
190,104
187,106
189,108
191,108
186,116
177,124
173,125
176,126
178,130
182,130
184,132
190,129
195,139
200,144
204,140
206,145
208,148
208,151
208,152
206,154
206,155
192,156
192,154
188,145
188,142
186,142
183,146
184,150
186,152
186,157
186,164
195,166
198,165
203,167
220,170
220,174
214,171
208,173
201,178
206,178
209,184
211,183
222,186
224,184
226,186
224,197
223,200
222,201
237,198
238,200
244,194
247,200
252,204
257,207
259,207
258,202
255,203
255,199
256,197
247,196
252,191
261,195
264,193
261,189
262,189
269,183
268,182
267,181
259,178
248,177
247,181
250,186
242,187
234,182
230,176
226,175
229,171
235,170
243,170
243,168
247,169
244,165
244,164
240,165
237,165
237,160
230,161
229,161
232,158
234,156
236,154
244,155
249,152
250,150
249,148
247,150
230,145
230,149
226,150
224,163
223,163
222,164
212,161
212,157
212,151
219,150
216,148
215,144
214,139
212,132
213,129
218,129
218,125
211,126
199,129
202,120
207,121
209,122
215,118
224,126
222,135
222,137
222,143
224,144
225,131
228,131
233,130
234,133
236,139
238,141
237,143
244,142
251,138
249,131
245,131
239,131
238,130
239,121
240,120
247,121
244,115
243,109
239,107
227,107
229,103
224,101
220,106
215,110
208,108
196,106
195,104
198,105
208,105
218,99
219,92
230,87
228,99
230,102
231,104
236,99
245,89
248,93
250,101
249,104
246,110
248,110
261,109
261,114
261,115
268,116
265,119
262,117
261,119
257,118
253,120
251,121
258,131
266,130
267,124
271,124
271,128
269,132
265,133
266,134
262,144
256,151
259,151
267,142
274,140
276,142
277,143
277,145
272,152
273,154
274,154
274,155
280,152
283,150
282,146
279,144
282,139
285,136
279,123
278,121
274,117
277,118
284,116
287,108
290,114
294,123
295,126
300,126
298,133
298,134
293,133
290,131
294,137
295,140
292,148
290,151
294,152
295,155
299,156
300,166
293,165
285,164
283,160
280,160
272,158
268,163
260,167
256,170
261,169
269,172
274,173
273,177
275,180
274,188
272,197
285,185
289,170
298,174
298,180
297,184
294,183
294,185
297,191
296,198
292,196
291,197
291,202
286,201
280,204
278,203
274,202
278,206
289,210
288,215
289,219
292,224
294,224
296,218
294,212
295,209
303,203
304,203
307,193
301,193
300,191
305,188
312,189
312,186
314,182
315,184
317,192
322,192
321,188
323,186
330,184
337,184
337,182
344,175
346,170
350,167
354,167
353,162
362,160
368,153
368,154
370,158
371,158
371,160
372,159
374,158
382,155
384,158
385,161
386,161
394,168
401,182
404,182
408,187
395,191
397,198
405,205
414,208
412,212
414,217
416,222
411,227
407,224
409,221
402,220
396,221
395,222
396,226
402,230
406,234
410,236
416,236
415,233
420,227
419,220
420,218
427,223
425,233
424,234
425,235
432,232
431,243
434,244
438,243
437,249
438,254
440,255
446,259
452,258
443,264
441,264
427,254
428,243
428,241
423,237
415,250
405,238
402,237
401,243
399,244
398,247
396,251
395,257
391,257
395,264
396,266
391,269
390,267
384,268
386,272
384,275
379,278
376,275
374,273
372,273
364,270
368,266
376,268
374,262
370,261
365,261
372,256
381,254
383,254
387,255
387,251
390,245
383,247
380,243
387,235
391,236
394,234
388,230
387,230
383,232
385,228
394,225
387,219
381,224
379,220
378,221
372,217
380,216
378,213
381,212
384,210
395,204
388,200
389,198
386,194
388,193
392,180
391,170
388,169
381,168
378,169
369,172
369,171
364,169
361,167
355,172
358,172
368,177
378,178
380,182
377,185
363,184
361,186
357,187
351,181
346,185
333,191
328,193
326,194
325,192
320,195
316,198
311,202
309,203
310,211
324,215
326,212
325,210
326,207
323,206
326,197
328,205
327,206
336,208
340,205
340,199
346,198
343,201
344,208
345,209
348,206
351,208
352,209
355,202
354,200
349,191
369,192
373,194
376,190
379,198
381,201
378,208
376,209
375,198
370,200
362,204
359,209
363,219
365,218
371,216
367,222
365,225
373,226
367,231
372,237
372,240
369,240
368,240
369,244
370,247
369,249
362,255
359,252
362,247
356,247
350,248
346,243
345,242
347,240
347,239
350,241
360,232
361,229
362,226
360,219
354,223
348,216
347,212
345,214
345,215
341,213
335,216
339,221
337,223
338,225
346,224
349,229
340,227
339,228
337,233
339,234
343,234
340,239
339,244
340,246
339,251
336,250
334,257
335,258
344,263
348,259
348,255
351,256
349,258
354,261
348,267
347,268
350,271
350,274
351,275
347,276
346,275
345,280
343,275
341,272
338,269
338,271
334,283
324,277
317,277
320,275
322,272
320,270
323,262
327,260
327,259
329,260
331,260
334,258
328,251
323,250
321,257
314,256
312,266
310,259
306,257
306,255
303,256
302,252
303,252
306,248
310,245
310,244
316,242
316,244
315,246
314,250
315,251
317,247
318,246
319,245
320,246
322,245
321,238
320,235
324,232
327,234
330,226
327,225
325,224
322,225
320,227
317,221
302,217
302,220
305,225
308,224
310,231
312,232
317,234
311,239
309,241
303,247
302,248
296,249
295,249
295,250
297,251
297,253
296,254
298,256
301,259
297,265
295,266
295,270
294,269
288,259
284,258
287,254
289,251
288,250
282,253
280,253
275,249
275,247
278,246
281,245
287,241
291,235
296,234
299,232
302,230
296,230
293,227
286,231
280,232
284,228
281,224
278,224
275,225
271,225
275,244
270,244
269,244
266,243
268,251
266,254
264,254
263,256
260,252
255,251
254,253
256,255
253,258
252,255
251,256
250,256
248,256
245,268
244,265
239,262
243,256
246,256
252,251
248,250
243,252
239,254
234,246
241,234
245,231
248,227
251,229
250,230
252,237
254,237
263,237
262,234
262,230
262,225
264,219
263,216
264,215
274,220
280,214
282,211
270,211
267,211
267,208
271,206
269,200
263,198
263,202
260,212
255,216
250,214
244,217
243,207
238,203
237,204
235,205
234,208
238,217
241,228
233,226
222,231
216,228
221,226
231,218
227,210
222,211
220,210
217,211
214,214
214,222
211,220
206,220
207,211
219,207
218,203
219,196
213,198
211,199
209,204
208,203
201,206
196,203
198,202
201,202
208,197
204,194
204,193
205,184
198,184
196,185
196,188
191,192
190,191
191,186
193,186
193,184
194,177
192,170
189,180
183,180
179,186
178,184
172,172
175,170
172,167
174,163
176,159
177,154
178,154
177,149
177,147
175,154
170,155
168,160
164,161
161,161
161,168
164,174
156,171
152,171
155,161
149,156
153,154
159,153
166,148
169,144
175,140
181,138
183,137
182,135
177,133
171,134
171,138
164,133
164,134
163,136
161,136
154,141
148,150
147,146
151,143
151,133
156,129
148,122
145,119
145,115
147,113
154,117
160,113
154,110
157,105
155,101
156,100
161,98
163,96
162,94
156,86
154,83
152,80
152,76
152,75
156,69
146,69
134,63
134,59
133,59
134,53
149,58
151,57
149,43
141,45
140,48
136,44
137,41
135,41
134,39
135,39
140,33
145,26
146,35
149,34
152,30
158,27
150,27
147,22
138,15
139,5
130,15
130,9
131,8
129,2
129,0
128,2
122,4
121,3
110,7
106,8
95,1
93,4
90,8
86,2
82,7
71,12
70,7
67,10
57,3
57,1
49,1
46,1
45,1
42,3
38,8
46,8
44,14
42,19
45,20
48,17
57,17
57,18
55,22
54,30
56,32
58,37
68,34
70,34
70,30
74,31
72,27
75,22
80,17
81,11
87,13
90,12
96,16
98,13
109,13
109,16
113,20
116,23
109,23
94,23
93,17
92,17
87,18
86,22
89,25
82,27
80,28
80,34
84,32
87,33
91,35
96,30
96,33
98,35
97,38
94,46
89,42
86,43
84,48
81,44
80,44
81,38
73,40
65,41
58,41
52,43
52,35
47,34
47,37
44,41
38,42
27,42
25,43
29,36
33,30
31,28
28,29
28,26
23,28
25,23
29,17
21,19
21,11
27,10
30,13
32,7
35,3
32,2
26,0
26,2
20,3
14,9
10,7
9,4
9,1
7,9
8,23
16,22
12,26
7,29
2,27
2,32
3,34
15,36
7,41
9,44
11,49
12,53
10,53
10,57
7,58
6,59
4,54
1,55