0,179
0,183
1,252
1,444
1,580
2,45
2,127
2,166
2,215
2,218
2,520
3,280
3,320
3,371
3,383
3,515
4,219
4,246
4,375
4,407
4,485
4,528
4,545
5,61
5,65
5,66
5,98
5,329
5,351
5,578
5,584
5,594
6,13
6,37
6,229
6,430
6,575
7,411
7,517
8,74
8,213
8,220
8,318
8,394
8,417
8,447
9,221
9,232
9,272
9,282
9,310
9,436
9,484
9,567
10,254
10,482
10,486
10,549
10,595
11,74
11,77
11,88
11,381
11,560
12,7
12,21
12,58
12,119
12,219
12,313
12,348
13,233
13,248
13,350
13,355
13,390
13,439
13,468
13,504
13,519
14,65
14,114
14,203
14,282
14,377
14,379
14,381
14,464
15,63
15,87
15,170
15,257
15,290
15,486
16,218
16,480
16,493
16,555
16,594
17,70
17,177
17,243
17,342
17,345
17,368
17,375
17,400
17,588
18,62
18,107
18,350
18,379
19,154
19,182
19,208
19,235
19,389
19,455
19,500
19,545
19,573
20,2
20,218
20,572
21,1
21,21
21,124
21,143
21,426
21,459
21,484
21,596
22,40
22,42
22,92
22,245
22,253
22,288
22,361
23,18
23,24
23,60
23,66
23,67
23,260
23,266
23,467
23,541
23,581
24,27
24,120
24,142
24,213
24,250
24,252
24,277
24,451
24,501
24,508
25,12
25,131
25,146
25,280
25,343
25,386
25,404
25,460
26,148
26,170
26,221
26,321
26,355
26,406
26,469
26,555
27,0
27,282
27,283
27,379
27,565
28,0
28,39
28,141
28,312
28,395
28,451
28,536
28,566
28,575
29,36
29,63
29,89
29,252
30,73
30,359
30,411
30,489
30,597
31,74
31,178
31,215
31,233
31,497
31,520
31,579
32,29
32,40
32,136
32,203
32,273
32,460
33,67
33,116
33,240
33,358
33,510
34,14
34,45
34,54
34,77
34,88
34,148
34,335
34,372
34,429
34,431
34,454
35,158
35,310
35,317
35,511
36,46
36,229
36,286
36,329
36,475
37,50
37,59
37,114
37,372
37,472
37,491
37,551
38,128
38,242
38,376
38,390
38,536
39,15
39,103
39,154
39,196
39,395
39,451
39,469
39,517
39,542
40,86
41,43
41,56
41,144
41,256
41,399
41,499
41,570
41,598
42,104
42,451
43,62
43,81
43,121
43,181
43,231
43,301
43,336
43,402
43,499
43,567
44,9
44,14
44,110
44,216
44,271
44,349
44,354
44,483
45,14
45,84
45,345
46,46
46,47
46,59
46,151
46,204
46,219
46,224
46,235
46,282
46,326
46,339
46,348
46,420
46,433
46,453
46,455
47,233
47,241
47,358
47,424
47,462
47,468
47,547
47,562
48,45
48,47
48,55
48,149
48,251
48,386
48,484
49,97
49,135
49,205
49,254
49,411
50,16
50,94
50,153
50,175
50,220
50,236
50,244
50,307
50,354
50,406
50,419
50,432
50,437
50,488
50,510
51,60
51,76
51,111
51,283
51,406
51,446
51,571
52,15
52,93
52,152
52,195
52,266
52,287
52,453
53,416
53,454
53,529
53,557
53,568
54,254
54,410
54,443
54,488
54,508
54,562
55,19
55,57
55,158
55,303
55,380
55,497
56,35
56,95
56,194
56,248
56,265
56,273
56,325
56,382
56,435
56,446
56,450
56,508
56,511
56,599
57,16
57,124
57,279
57,494
57,596
58,27
58,513
58,547
59,127
59,163
59,214
59,421
59,535
59,540
60,4
60,82
60,175
60,243
60,280
60,303
60,525
61,49
61,275
61,297
61,428
61,481
62,121
62,250
62,261
62,339
62,434
62,474
62,558
62,559
62,570
62,597
63,290
63,296
63,370
63,463
64,1
64,97
64,138
64,142
64,463
64,480
64,558
65,252
65,286
65,482
65,495
65,510
65,574
66,42
66,75
66,103
66,145
66,154
66,399
66,427
67,26
67,107
67,240
67,253
67,289
67,290
67,310
67,347
67,370
68,88
68,258
68,355
69,1
69,31
69,389
69,399
69,522
69,533
69,569
69,587
70,18
70,77
70,82
70,204
70,229
70,265
70,467
70,499
70,530
71,140
71,163
71,193
71,351
72,342
72,417
73,74
73,81
73,162
73,458
73,470
74,64
74,70
74,113
74,152
74,199
74,284
74,331
74,354
74,359
74,367
75,188
75,229
75,353
75,419
75,424
75,549
75,587
76,82
76,250
76,398
76,403
76,414
76,416
76,554
77,22
77,61
77,160
77,348
77,360
77,498
78,34
78,35
78,87
78,125
78,430
78,539
78,552
78,559
79,20
79,31
79,345
79,419
79,474
79,582
80,45
80,191
80,288
80,413
80,511
80,573
81,85
81,152
81,242
81,250
81,253
81,277
81,316
82,50
82,142
82,145
82,320
82,519
82,558
83,68
83,162
83,248
83,287
84,53
84,85
84,103
84,136
84,224
84,338
84,419
84,434
84,480
84,515
84,590
85,169
85,177
85,205
85,535
85,550
86,1
86,24
86,100
86,131
86,154
86,584
87,201
87,232
87,329
87,418
88,27
88,66
88,150
88,161
88,164
88,485
88,490
89,70
89,115
89,118
89,139
89,172
89,196
89,197
89,401
89,438
89,456
89,571
90,65
90,136
90,179
90,321
90,388
90,471
90,535
91,20
91,190
91,209
91,343
91,354
91,578
91,595
92,43
92,196
92,281
92,293
92,304
92,388
92,400
92,445
92,463
92,555
93,113
93,130
93,202
93,227
93,263
93,281
93,298
93,314
93,515
93,516
94,31
94,145
94,157
94,203
94,260
94,394
94,535
95,21
95,37
95,184
95,494
95,499
96,52
96,80
96,371
96,396
96,419
96,518
97,229
97,460
97,529
98,26
98,85
98,194
98,557
98,565
99,113
99,339
99,408
99,538
100,21
100,74
100,98
100,202
100,225
100,255
100,262
100,292
100,333
100,357
100,404
100,457
100,547
100,596
101,202
101,209
101,270
101,378
101,509
102,18
102,246
102,361
102,422
102,578
102,588
103,216
103,379
103,436
103,441
103,519
104,191
104,270
104,376
104,540
105,69
105,197
105,448
105,516
105,587
106,41
106,76
106,145
106,199
106,306
106,348
106,372
106,518
106,555
106,573
107,149
107,295
107,327
107,515
107,585
108,9
108,51
108,81
108,94
108,115
108,168
108,175
108,229
108,318
108,367
108,405
108,451
108,526
109,76
109,249
109,281
109,350
109,437
109,477
109,478
109,563
110,43
110,71
110,126
110,264
110,584
111,12
111,45
111,408
111,532
112,7
112,194
112,491
113,64
113,349
113,374
113,459
113,500
114,342
115,91
115,158
115,351
115,370
115,371
115,394
115,449
115,490
115,504
115,567
116,21
116,223
116,295
117,34
117,40
117,111
117,130
117,149
117,172
117,543
117,579
118,96
118,99
118,101
118,128
118,164
118,236
118,237
118,243
118,244
118,399
118,442
119,90
119,127
119,256
119,371
119,438
119,494
119,535
120,17
120,120
120,250
120,409
120,477
120,517
120,548
120,555
121,44
121,66
121,157
121,241
121,247
121,366
122,96
122,212
122,254
122,296
122,396
122,430
123,45
123,141
123,148
123,164
123,234
124,73
124,124
124,252
124,285
124,301
124,379
124,426
124,465
124,512
124,585
125,68
125,237
125,269
125,436
125,483
125,576
126,115
126,183
126,385
126,401
126,504
126,545
127,7
127,77
127,144
127,155
127,188
127,520
128,329
128,453
128,592
129,25
129,141
129,180
129,192
129,195
129,234
129,303
129,330
129,355
129,501
130,289
130,451
130,466
131,14
131,256
131,360
131,502
131,525
132,131
132,156
132,165
132,438
132,464
132,537
132,571
133,9
133,27
133,61
133,178
133,280
133,325
133,437
133,523
134,13
134,125
134,246
134,310
134,378
134,540
134,542
135,42
135,92
135,191
135,198
135,220
135,288
135,314
135,410
135,425
135,514
135,576
136,5
136,204
136,281
136,282
136,340
136,372
136,400
136,508
137,73
137,119
137,205
137,345
137,430
137,452
137,468
138,41
138,94
139,130
139,156
139,187
139,203
139,404
139,519
140,135
140,137
140,222
140,451
140,455
140,478
140,493
140,536
140,576
141,34
141,58
141,252
141,324
141,440
141,521
141,523
141,595
142,118
142,424
142,525
142,557
143,23
143,113
143,269
143,285
143,481
144,10
144,35
144,40
144,65
144,98
144,233
144,407
144,446
145,95
145,122
145,142
145,247
145,364
145,425
145,427
145,437
146,123
146,179
146,196
146,198
146,256
146,280
146,392
146,583
147,100
147,440
147,453
147,524
147,595
148,0
148,265
148,285
148,287
148,363
148,449
148,495
149,115
149,231
149,272
149,370
149,393
149,416
149,453
150,186
150,460
150,519
151,47
151,343
151,517
152,49
152,292
152,372
152,373
153,12
153,77
153,246
153,329
153,348
153,380
153,442
153,482
153,486
153,582
154,35
154,208
154,333
154,473
154,524
154,549
155,94
155,192
155,370
155,462
155,480
155,488
155,501
155,505
156,187
156,207
156,300
156,312
156,318
156,385
156,443
156,500
157,174
157,311
157,318
157,506
157,568
158,31
158,75
158,137
158,269
158,362
158,444
159,77
159,378
159,442
159,575
160,1
160,21
160,487
160,551
161,14
161,111
161,112
161,159
161,254
161,493
161,549
161,561
162,12
162,86
162,239
162,372
162,462
163,165
163,242
163,448
163,466
163,524
163,539
163,541
163,549
164,77
164,211
164,271
164,359
164,430
164,468
165,139
165,251
165,262
165,274
165,334
165,523
165,535
166,14
166,78
166,197
166,257
166,390
166,567
167,18
167,62
167,83
167,170
167,258
167,269
167,330
167,547
168,121
168,162
168,175
168,198
168,256
168,283
168,365
168,373
169,182
169,223
169,290
169,450
169,456
169,497
169,530
169,585
170,206
170,414
171,0
171,46
171,51
171,76
171,228
171,260
171,482
171,585
172,68
172,206
172,232
172,238
172,282
172,418
172,431
172,467
173,87
173,194
173,219
173,386
173,431
173,482
174,10
174,78
174,142
174,162
174,187
174,308
174,365
174,534
174,538
174,558
175,82
175,101
175,107
175,286
176,203
176,249
176,258
176,309
176,518
176,542
177,135
177,241
177,404
178,43
178,131
178,143
178,176
178,262
178,529
178,541
178,575
179,105
179,132
179,236
179,540
180,244
180,326
180,471
180,506
180,539
180,569
180,582
180,588
181,90
181,336
181,387
181,460
181,506
182,140
182,166
182,248
182,361
183,4
183,211
183,221
183,249
183,441
183,477
183,520
183,539
184,199
184,262
184,329
184,430
184,486
184,515
184,584
184,594
185,0
185,145
185,217
185,317
185,360
185,430
185,440
186,183
186,299
186,400
186,501
186,525
186,582
187,73
187,271
187,305
187,478
187,545
188,280
188,293
189,111
189,185
189,337
189,505
189,595
190,22
190,106
190,199
190,205
190,253
190,371
190,461
190,537
191,78
191,199
191,314
191,388
191,503
191,554
191,590
192,38
192,135
192,445
192,494
193,125
193,207
193,241
193,254
193,357
193,422
193,581
194,186
194,255
194,275
194,405
195,69
195,109
195,207
195,220
195,287
195,358
195,479
195,544
196,35
196,64
196,206
196,367
196,591
197,235
197,245
197,354
197,369
197,406
197,588
198,3
198,22
198,80
198,253
198,385
198,389
198,427
198,472
198,557
198,593
199,82
199,175
199,399
200,237
200,534
201,8
201,41
201,60
201,86
201,164
201,248
201,264
201,369
201,414
201,517
202,7
202,66
202,111
202,204
202,240
202,415
202,459
203,53
203,111
203,125
203,260
203,387
204,7
204,111
204,124
204,197
204,302
204,575
205,177
205,222
205,279
205,368
205,409
205,489
206,67
206,170
206,216
206,307
206,313
206,342
206,370
207,454
207,538
208,51
208,112
208,305
208,480
209,419
209,580
210,19
210,65
210,391
210,492
211,169
211,233
211,392
211,447
212,127
212,219
212,273
212,348
212,373
212,484
213,9
213,89
213,120
213,157
213,393
213,397
213,402
213,467
213,520
213,523
213,535
213,594
214,185
214,240
214,247
214,295
214,492
214,548
215,97
215,169
215,173
215,303
215,425
215,513
216,32
216,397
216,451
216,485
216,571
217,216
217,255
217,269
217,302
217,332
217,344
217,361
217,417
218,52
218,54
218,113
218,371
218,443
218,487
218,573
219,136
219,156
219,261
219,298
220,0
220,185
220,333
220,448
220,496
221,19
221,230
221,361
222,34
222,71
222,75
222,126
222,143
222,192
222,474
222,570
223,112
223,152
223,244
223,308
223,434
223,545
224,121
224,163
224,164
224,313
224,446
225,106
225,273
225,305
225,313
225,318
225,435
225,474
225,567
225,583
226,114
226,284
226,385
226,439
226,475
226,518
227,206
227,290
227,323
227,429
227,517
227,561
228,22
228,100
228,174
228,343
228,408
228,409
229,68
229,122
229,177
229,307
229,399
229,534
229,566
229,581
230,9
230,394
230,424
230,566
231,1
231,64
231,137
231,160
231,263
231,304
231,361
231,373
231,408
231,472
231,547
232,18
232,105
232,178
232,294
232,321
232,444
232,511
232,554
233,79
233,179
233,203
233,256
233,495
233,540
234,190
234,262
234,394
234,408
234,459
235,40
235,100
235,346
235,453
235,542
235,599
236,39
236,48
236,96
236,224
236,304
236,361
236,476
236,580
237,29
237,128
237,308
237,438
237,519
237,568
238,73
238,107
238,306
238,445
238,517
238,532
239,223
239,255
239,335
239,392
240,21
240,264
240,334
240,382
240,386
240,417
240,543
241,64
241,70
241,149
241,235
241,284
241,312
241,423
241,480
242,4
242,99
242,198
242,264
242,274
242,384
242,391
243,84
243,103
243,194
243,246
243,317
243,345
243,393
243,446
243,485
243,587
244,241
244,345
244,409
244,594
245,21
245,150
245,176
245,246
246,6
246,98
246,135
246,169
246,235
246,315
246,514
246,566
247,25
247,186
247,379
247,408
247,583
248,51
248,189
248,227
248,261
248,265
248,270
248,343
248,433
248,437
249,31
249,50
249,62
249,287
249,298
249,377
249,473
250,112
250,323
250,532
251,58
251,128
251,149
251,152
251,240
251,340
251,358
251,558
251,585
252,15
252,99
252,210
252,370
252,381
252,426
252,433
252,452
252,478
253,31
253,258
254,231
254,276
254,350
255,67
255,80
255,129
255,224
255,367
256,39
256,86
256,109
256,128
256,134
256,330
256,341
256,351
256,490
257,90
257,137
257,143
257,246
257,281
257,292
257,351
257,372
257,470
257,488
258,69
258,118
258,191
258,377
258,378
258,406
258,463
258,476
258,501
258,557
259,91
259,147
259,190
259,422
259,478
260,32
260,54
260,86
260,259
260,272
260,281
260,394
260,429
260,462
261,98
261,211
261,321
261,461
261,491
261,526
262,118
262,149
262,211
262,231
262,247
262,254
262,307
262,404
262,445
262,465
263,184
263,263
263,291
263,302
263,346
263,363
263,476
263,486
264,9
264,11
264,35
264,111
264,134
264,199
264,265
264,289
264,405
264,466
264,501
265,94
265,195
265,268
265,277
265,336
265,344
265,591
266,22
266,155
266,195
266,447
266,457
266,467
266,480
266,483
267,105
267,130
267,198
267,337
267,447
268,141
268,167
268,258
268,379
268,430
268,505
268,587
269,148
269,281
269,499
269,529
269,559
269,583
270,163
270,416
270,519
271,47
271,117
271,127
271,224
271,254
271,463
272,449
273,57
273,441
273,596
274,197
274,200
274,226
274,330
274,487
274,562
274,563
274,565
275,165
275,188
275,236
275,239
275,564
276,63
276,133
276,136
276,194
276,228
276,319
276,365
276,412
276,444
276,532
276,587
277,6
277,54
277,443
277,446
277,448
278,78
278,82
278,203
278,324
278,520
278,589
279,51
279,78
279,336
279,532
279,554
280,345
280,357
280,370
280,377
280,383
281,153
281,154
281,171
281,285
281,306
281,551
282,53
282,97
282,245
282,249
282,300
282,306
282,384
282,433
282,558
283,95
283,240
283,271
283,469
283,514
284,129
284,167
284,180
284,181
284,192
284,360
284,441
284,463
284,525
285,19
285,176
285,299
285,350
285,411
285,538
286,98
286,177
286,218
286,287
287,387
287,394
287,421
287,474
287,546
287,555
288,129
288,159
288,261
288,321
288,333
288,379
288,536
289,44
289,115
289,220
289,371
289,496
290,184
290,192
290,239
290,256
290,338
290,455
290,458
290,467
290,479
290,497
291,58
291,265
292,223
292,369
292,376
292,412
292,431
292,511
292,517
293,107
293,161
293,347
293,398
293,596
294,113
294,300
294,327
295,41
295,132
295,247
295,279
295,299
295,315
295,588
296,38
296,152
296,322
296,339
296,376
296,548
296,550
296,583
297,22
297,264
297,325
297,408
297,465
297,495
298,1
298,43
298,54
298,75
298,180
298,210
298,292
298,363
298,515
298,573
298,582
299,241
299,265
299,569
299,594
300,338
300,396
300,471
301,98
301,138
301,157
301,203
301,274
301,395
301,449
301,524
301,535
302,0
302,163
302,168
302,249
302,263
302,346
302,364
303,85
303,192
303,196
303,221
303,271
303,286
303,432
304,69
304,161
304,465
304,593
305,82
305,108
305,136
305,207
305,212
305,236
305,301
305,426
305,442
305,535
306,14
306,26
306,76
306,112
306,268
306,298
306,378
307,242
307,594
308,79
308,244
308,288
308,303
308,309
308,420
308,484
308,582
308,583
309,113
309,118
309,218
309,267
309,270
309,345
309,352
309,373
309,570
309,589
310,107
310,110
310,243
310,523
311,19
311,24
311,208
311,417
311,431
312,21
312,45
312,139
312,172
312,212
312,333
312,489
313,34
313,99
313,105
313,291
313,327
313,354
313,412
314,57
314,192
314,289
314,308
314,367
314,503
314,532
314,538
314,562
314,582
314,583
314,587
315,36
315,57
315,467
315,599
316,41
316,48
316,70
316,134
316,210
316,224
316,233
316,376
316,400
316,448
317,111
317,139
317,224
317,388
318,105
318,128
318,170
318,182
318,196
318,220
318,252
318,323
319,86
319,112
319,228
319,345
319,383
319,545
320,87
320,398
320,404
320,466
320,571
320,593
321,46
321,107
321,119
321,196
321,238
321,454
321,507
321,524
322,63
322,189
322,295
323,327
323,401
323,412
323,488
323,541
324,69
324,117
324,148
324,167
324,191
324,316
324,366
324,431
324,471
325,73
325,222
325,336
325,416
325,493
326,146
326,159
326,416
326,447
327,131
327,163
327,246
327,294
327,308
327,398
327,434
327,499
327,518
327,548
328,40
328,56
328,144
328,146
328,253
328,268
328,419
328,504
328,507
329,246
329,403
329,435
330,18
330,50
330,107
330,128
330,200
330,253
330,261
330,320
330,332
330,373
330,427
330,529
331,227
331,295
332,1
332,24
332,31
332,189
332,191
332,374
332,436
332,505
332,541
333,6
333,234
333,321
333,454
333,521
333,581
333,584
334,28
334,158
334,271
334,299
334,361
334,370
334,374
334,404
334,410
334,484
335,250
335,434
336,281
336,294
336,419
337,22
337,75
337,94
337,98
337,306
337,328
337,355
337,365
337,552
338,84
338,90
338,302
338,335
338,578
338,590
338,599
339,47
339,60
339,219
339,308
339,442
339,452
340,15
340,83
340,258
340,475
341,11
341,75
341,191
341,231
341,233
341,444
341,494
341,507
342,51
342,517
342,538
342,548
342,551
342,577
343,66
343,96
343,131
343,199
343,243
343,326
343,428
343,481
343,496
344,153
344,186
344,310
344,330
344,487
344,493
345,69
345,90
345,171
345,367
345,445
345,480
345,527
345,565
345,593
346,480
347,5
347,13
347,20
347,245
347,273
347,283
347,404
348,20
348,86
348,356
348,554
349,71
349,178
349,274
349,308
349,495
349,517
349,583
349,586
349,588
350,14
350,48
350,361
350,394
350,413
350,555
351,14
351,164
351,244
351,282
352,36
352,88
352,151
352,199
352,291
352,322
353,52
353,203
353,207
353,225
353,277
353,374
353,462
353,481
353,510
353,517
353,584
354,149
354,356
354,438
354,483
354,508
354,565
355,28
355,36
355,84
355,458
356,87
356,365
356,370
356,501
356,542
356,580
357,220
357,338
357,351
357,356
357,392
357,410
358,321
358,383
358,470
358,482
359,376
359,437
359,478
359,484
360,10
360,75
360,259
360,269
360,284
360,435
360,452
360,553
361,174
361,232
361,286
361,324
361,446
362,9
362,14
362,34
362,86
362,99
362,244
362,515
363,20
363,112
363,142
363,178
363,269
363,345
363,466
363,485
364,16
364,33
364,132
364,186
364,236
364,543
365,348
365,352
365,434
365,439
365,474
366,9
366,51
366,193
366,195
366,234
366,304
366,380
366,542
367,17
367,197
367,208
367,289
367,354
367,427
367,557
368,57
368,68
368,102
368,188
368,203
368,273
368,338
368,394
368,489
369,50
369,244
369,324
369,346
369,417
370,148
370,157
370,308
370,339
370,460
371,79
371,307
371,311
371,389
371,398
371,436
372,273
372,404
372,452
373,2
373,43
373,87
373,438
373,550
374,251
374,472
374,593
375,73
375,107
375,146
375,210
375,395
376,123
376,331
376,367
376,480
376,494
376,540
377,136
378,55
378,133
378,149
378,158
378,186
378,218
378,246
378,421
378,473
378,551
379,0
379,22
379,52
379,88
379,214
379,231
379,267
380,38
380,314
380,338
380,457
380,523
380,528
380,537
381,189
381,361
381,418
382,1
382,55
382,218
382,227
382,235
382,321
382,323
382,398
382,406
383,233
383,255
383,324
383,395
384,30
384,49
384,319
384,418
384,483
384,558
384,568
385,82
385,340
385,395
385,508
385,558
386,30
386,45
386,86
386,118
386,212
387,46
387,229
387,248
387,251
387,371
387,397
387,453
387,526
387,564
387,586
388,14
388,70
388,82
388,333
388,547
389,180
389,280
389,303
389,431
389,487
389,540
390,21
390,62
390,77
390,359
391,17
391,45
391,51
391,60
391,68
391,171
391,455
391,467
391,484
391,523
392,25
392,111
392,208
392,236
392,284
392,325
392,367
392,470
393,37
393,72
393,101
393,124
393,301
393,305
393,374
393,513
394,121
394,167
394,173
394,194
394,465
395,48
395,110
395,137
395,183
395,185
395,435
395,463
395,503
396,16
396,39
396,173
396,267
396,349
396,415
396,430
397,44
397,268
397,338
398,6
398,161
398,168
398,214
398,394
398,423
398,594
399,254
399,297
399,349
399,377
399,382
399,560
400,46
400,578
401,175
401,258
401,331
401,519
402,400
403,181
403,203
403,261
403,297
403,305
403,391
403,406
403,593
404,130
404,178
404,201
404,222
404,267
404,341
404,467
405,30
405,67
405,75
405,476
405,521
405,577
406,579
407,79
407,148
407,207
407,222
407,271
407,441
407,581
408,151
408,300
408,347
408,450
408,464
408,496
408,516
408,573
409,53
409,54
409,300
409,324
409,355
409,498
410,107
410,401
410,559
411,54
411,310
411,323
411,330
411,479
411,499
411,512
411,523
412,41
412,50
412,92
412,158
412,194
412,539
413,14
413,103
413,145
413,152
413,299
413,307
413,383
413,404
413,434
414,39
414,50
414,119
414,357
415,160
415,223
415,232
415,425
416,357
416,481
417,146
417,191
417,197
417,304
417,327
417,335
417,443
417,484
417,496
417,548
418,59
418,61
418,128
418,249
418,271
418,357
418,399
419,162
419,173
419,228
419,245
419,278
419,283
419,332
419,552
419,598
420,12
420,343
420,353
420,393
420,489
420,544
420,576
421,101
421,178
421,225
421,302
421,349
421,548
422,56
422,161
422,291
422,351
423,128
423,148
423,180
423,236
423,295
423,325
423,505
424,256
424,431
424,465
424,481
425,53
425,120
425,138
425,258
425,395
425,432
425,440
425,446
425,448
426,19
426,282
426,508
427,6
427,242
427,248
427,320
427,483
428,40
428,210
428,213
428,317
428,485
428,514
429,13
429,135
429,371
429,471
429,566
429,583
430,18
430,20
430,36
430,300
430,366
430,449
430,495
431,252
431,257
431,273
431,411
431,550
432,36
432,138
432,190
432,251
432,299
432,310
432,348
432,468
432,506
432,569
433,34
433,90
433,145
433,414
433,518
433,539
434,42
434,97
434,260
434,327
434,492
434,548
434,550
435,59
435,85
435,156
435,181
435,580
436,46
436,218
436,247
436,317
436,363
437,64
437,177
437,259
437,299
437,407
437,443
437,470
438,7
438,234
438,260
438,300
438,316
438,336
438,396
438,490
438,560
439,4
439,16
439,44
439,77
439,126
439,247
439,254
439,453
439,507
440,14
440,246
440,326
440,438
440,462
440,478
441,26
441,72
441,430
441,509
441,558
442,28
442,210
442,534
442,547
443,230
443,239
443,324
443,352
443,415
443,449
443,566
444,1
444,76
444,110
444,118
444,173
444,175
444,220
444,351
444,380
444,431
444,472
444,534
445,156
445,387
445,562
446,96
446,150
446,196
446,213
446,484
447,23
447,365
448,84
448,176
448,346
448,372
448,416
449,123
449,189
449,484
449,488
450,255
450,306
450,367
450,476
450,522
450,579
451,34
451,214
451,301
451,548
452,22
452,28
452,107
452,341
452,414
453,37
453,192
453,244
453,250
453,422
454,151
454,387
454,463
455,80
455,116
455,128
455,188
455,225
455,268
455,329
455,410
455,481
456,12
456,44
456,115
456,194
456,230
456,328
456,593
457,3
457,126
457,312
458,243
459,92
459,148
459,210
459,224
459,284
459,382
459,554
460,33
460,79
460,250
460,427
460,433
460,461
460,573
461,2
461,35
461,92
461,100
461,105
461,150
461,233
461,441
461,509
461,549
462,54
462,162
462,189
462,300
462,323
462,373
462,489
462,537
463,162
463,405
464,25
464,117
464,369
464,422
464,526
464,577
464,584
465,124
465,134
465,195
465,244
465,256
465,332
465,379
465,574
466,99
466,460
467,53
467,57
467,88
467,280
468,64
468,127
468,289
468,364
468,375
469,19
469,54
469,100
469,130
469,339
469,384
470,207
470,387
470,563
471,80
471,145
471,161
471,254
471,456
471,569
472,93
472,239
472,353
472,354
472,378
472,508
472,530
472,546
473,4
473,35
473,52
473,65
473,81
473,98
473,167
473,205
473,341
473,409
473,540
474,27
474,29
474,90
474,108
474,391
474,409
474,473
474,496
474,502
475,66
475,149
475,300
475,487
475,517
476,38
476,47
476,57
476,160
476,287
476,337
476,562
476,590
477,74
477,154
477,216
477,329
477,339
477,489
477,491
478,162
478,399
479,1
479,78
479,222
479,282
480,127
480,186
480,245
480,461
481,64
481,210
481,294
481,354
481,429
481,439
481,530
481,557
482,186
482,211
482,310
483,70
483,146
483,169
483,223
483,243
483,311
483,495
483,557
484,1
484,7
484,82
484,89
484,137
484,149
484,194
484,373
484,380
484,420
484,426
484,514
484,579
485,46
485,329
485,570
486,154
486,164
486,190
486,233
486,293
486,455
486,503
486,588
487,98
487,124
487,168
487,215
487,222
487,241
487,383
487,395
487,400
487,416
487,456
487,476
487,598
488,24
488,40
488,57
488,523
488,586
489,145
489,276
489,343
489,518
489,521
489,532
489,543
490,81
490,196
490,238
490,505
491,32
491,40
491,65
491,114
491,141
491,247
491,261
491,297
491,412
491,547
491,592
491,594
492,49
492,64
492,124
492,173
492,352
492,414
493,5
493,214
493,284
493,327
493,334
493,350
493,423
494,10
494,177
494,416
494,486
494,509
494,592
495,16
495,19
495,135
495,258
495,274
495,562
496,44
496,240
496,386
496,516
497,35
497,131
497,250
497,272
497,432
498,34
498,172
498,189
498,238
498,285
498,336
498,407
498,440
498,482
499,50
499,119
499,288
499,371
499,400
500,64
500,219
500,325
500,413
500,480
501,38
501,51
501,199
501,216
501,217
501,266
501,319
501,512
502,75
502,114
502,150
502,153
502,172
502,245
502,246
502,284
502,470
503,199
503,302
503,388
503,466
504,150
504,315
504,373
504,459
505,191
505,233
505,259
505,345
505,365
505,431
505,580
506,2
506,295
506,308
506,411
506,432
506,463
507,305
507,442
507,455
507,490
507,512
508,92
508,167
508,227
509,84
509,176
509,320
509,356
509,376
509,428
509,436
509,502
510,167
510,416
511,31
511,48
511,97
511,182
511,190
511,247
511,361
511,516
512,143
512,144
512,220
513,48
513,153
513,374
513,485
513,537
513,556
513,599
514,93
514,339
514,394
514,506
514,562
515,42
515,130
515,477
515,539
516,20
516,59
516,60
516,364
516,456
516,569
517,77
517,80
517,91
517,401
517,468
518,96
518,124
518,238
518,267
518,517
519,47
519,51
519,152
519,281
519,314
519,342
519,367
519,563
520,116
520,171
520,230
520,298
520,305
520,363
520,450
520,461
520,463
521,146
521,156
521,178
522,82
522,114
522,138
522,206
522,354
523,217
524,2
524,177
524,356
524,381
524,484
524,494
524,587
525,56
525,171
525,205
525,280
525,463
526,79
526,105
526,239
526,365
526,457
526,536
526,551
526,567
526,585
527,275
527,311
527,494
528,289
528,292
528,295
528,329
528,345
528,415
528,417
528,482
529,16
529,89
529,178
530,35
530,89
530,133
530,233
530,344
531,62
531,70
531,130
531,225
531,300
531,318
531,319
531,339
531,396
532,28
532,49
532,118
532,231
532,303
532,427
532,516
532,517
533,78
533,85
533,599
534,28
534,32
534,89
534,168
534,179
534,208
534,286
534,296
534,451
534,536
535,7
535,41
535,126
535,132
535,185
535,192
535,205
535,239
535,272
535,425
535,437
535,439
535,559
535,592
536,32
536,83
536,380
537,137
537,168
537,170
537,267
537,318
537,436
537,530
538,48
538,97
538,220
538,296
538,479
538,485
539,122
539,124
539,215
539,246
539,270
539,454
539,499
540,126
540,173
540,175
540,199
540,562
541,283
541,420
542,164
542,206
542,271
542,310
542,543
543,228
543,320
543,347
543,426
543,523
543,582
544,27
544,283
544,292
544,350
544,451
545,27
545,188
545,323
545,470
546,467
547,233
547,317
547,382
547,502
548,0
548,51
548,581
549,313
549,409
549,444
549,497
549,570
550,57
550,252
551,40
551,72
551,135
551,194
551,219
551,228
551,457
551,465
551,590
552,208
552,262
553,19
553,189
553,348
553,520
554,102
554,107
554,317
554,362
554,541
554,598
554,599
555,39
555,259
555,524
555,598
556,5
556,69
556,204
556,246
556,451
556,538
556,550
557,43
557,81
557,139
557,179
557,231
557,462
557,585
558,37
558,305
558,351
558,518
558,571
559,31
559,161
559,265
559,295
559,380
559,504
560,15
560,175
560,297
560,351
560,358
560,387
560,407
560,428
560,566
561,17
561,116
561,171
561,228
561,326
561,432
561,452
561,520
562,121
562,135
562,188
562,236
562,251
562,364
562,439
562,482
562,536
563,8
563,63
563,80
563,166
563,229
563,376
563,517
563,584
564,103
564,190
564,220
564,336
564,374
564,383
564,518
565,56
565,97
565,190
565,281
565,392
565,457
565,462
565,574
566,64
566,103
566,110
566,209
566,279
566,404
566,529
567,326
567,378
567,424
567,459
567,556
567,586
568,230
568,328
568,338
568,435
569,25
569,29
569,124
569,203
569,210
569,261
569,291
569,367
569,374
569,465
569,521
570,61
570,153
570,288
570,327
570,329
570,345
570,525
571,53
571,243
571,310
571,454
571,489
572,117
572,315
572,465
572,489
573,4
573,72
573,156
573,158
573,230
573,258
573,367
573,392
574,273
574,375
574,393
574,532
575,221
575,322
575,375
575,441
575,474
575,535
575,586
576,12
576,109
576,181
576,281
576,290
576,327
576,499
576,569
577,15
577,30
577,204
577,221
577,526
577,546
578,126
578,289
578,317
578,444
579,44
579,217
579,378
579,386
579,390
579,396
579,506
580,1
580,101
580,372
580,374
580,527
581,176
581,224
581,258
581,282
581,304
581,305
581,559
582,213
582,321
582,565
583,21
583,136
583,167
583,169
583,218
583,409
583,413
583,520
584,186
584,190
584,211
584,222
584,254
584,279
584,312
584,361
584,569
585,48
585,211
585,413
586,223
586,227
586,310
586,371
586,469
586,479
586,481
586,582
587,5
587,165
587,211
587,250
587,416
588,11
588,117
588,330
588,486
588,568
589,12
589,214
589,289
589,340
589,568
590,5
590,284
590,329
590,347
590,459
591,244
591,267
591,391
591,567
591,585
592,73
592,84
592,102
592,451
592,500
592,535
593,73
593,108
593,215
593,326
593,382
593,486
593,530
594,50
594,430
594,526
595,35
595,46
595,139
595,204
595,257
595,315
595,354
595,417
595,508
595,583
596,129
596,525
596,530
596,585
597,197
597,399
597,409
597,482
597,526
597,558
597,595
598,6
598,70
598,86
598,356
598,373
598,400
598,595
599,334
599,444
599,463
600,14
600,158
600,234
600,286
600,298
600,387
601,125
601,346
601,422
601,498
601,539
602,42
602,171
602,455
603,213
603,497
603,500
603,507
603,530
604,55
604,100
604,196
604,211
604,418
605,122
605,154
605,235
605,285
605,290
606,128
606,426
606,490
606,499
606,563
606,565
607,32
607,52
607,145
607,255
607,275
607,565
608,32
608,464
608,561
609,55
609,128
609,284
609,472
610,45
610,165
610,465
610,515
610,518
610,579
611,57
612,172
612,204
612,228
612,246
612,529
612,564
613,10
613,83
613,187
613,352
613,455
613,463
613,560
613,588
614,19
614,90
614,363
614,390
614,570
615,43
615,55
615,174
615,287
615,400
615,544
615,559
616,72
616,90
616,113
616,172
616,251
616,318
616,355
616,364
616,383
616,469
616,559
617,43
617,167
617,296
617,334
617,349
617,356
618,3
618,95
618,203
618,437
618,505
618,507
618,524
618,568
619,15
619,107
619,327
619,432
619,437
619,504
619,583
619,593
620,9
620,200
620,220
620,265
620,266
620,425
620,465
620,528
620,532
620,535
621,23
621,66
621,158
621,206
622,63
622,131
622,217
622,444
622,478
623,46
623,64
623,103
623,208
623,423
623,519
623,524
624,35
624,45
624,331
624,441
624,442
625,78
625,81
625,148
625,152
625,226
625,247
625,427
625,477
626,4
626,61
626,133
626,214
626,270
626,479
626,511
626,534
626,535
626,549
627,37
627,99
627,124
627,154
627,201
627,253
627,336
627,592
628,77
628,129
628,295
628,362
628,369
628,444
628,466
629,12
629,247
629,369
629,545
629,586
629,595
630,9
630,151
630,186
630,203
630,326
630,414
630,516
630,592
630,594
631,94
631,384
631,416
631,471
632,7
632,72
632,182
632,264
632,413
632,500
633,3
633,243
633,292
633,346
633,441
633,529
634,82
634,99
634,125
634,343
634,359
635,161
635,175
635,201
635,259
635,335
635,422
635,461
635,538
635,567
635,584
636,40
636,42
636,62
636,113
636,125
636,317
636,332
636,341
636,468
636,549
637,20
637,46
637,447
637,465
637,570
637,579
638,1
638,99
638,273
638,348
638,483
638,497
638,525
639,41
639,114
639,148
639,178
639,193
639,195
639,202
639,255
639,389
639,430
639,566
640,32
640,214
640,266
640,364
640,586
641,162
641,202
641,378
641,399
641,408
641,447
641,490
641,496
641,531
641,577
641,586
642,204
642,213
642,373
642,426
642,458
642,502
642,577
642,593
643,159
643,383
643,551
643,562
643,590
644,73
644,127
644,162
644,432
644,491
645,4
645,27
645,114
645,370
645,456
645,466
646,527
647,154
647,178
647,233
647,257
647,288
647,532
647,592
648,67
648,128
648,129
648,272
648,296
648,343
648,563
649,125
649,134
649,384
649,582
650,123
650,224
650,327
650,421
650,439
651,176
651,179
652,75
652,141
652,348
652,355
652,450
652,538
652,594
653,159
653,246
653,293
653,421
654,167
654,260
654,375
654,469
655,4
655,10
655,96
655,110
655,131
655,242
655,284
655,383
655,399
656,12
656,41
656,148
656,423
656,468
656,474
656,522
656,555
657,18
657,51
657,82
657,296
657,341
657,393
657,400
657,407
658,11
658,15
658,92
658,125
658,205
658,318
658,551
658,557
659,95
659,218
659,346
659,403
659,413
659,431
659,448
659,522
659,537
660,15
660,46
660,219
660,243
660,250
660,283
660,337
660,473
660,497
660,509
661,129
661,145
661,155
661,184
661,226
661,464
661,473
661,532
662,252
662,373
663,86
663,119
663,146
663,151
663,386
663,398
663,595
664,189
664,270
664,280
664,332
664,333
664,381
664,431
664,438
664,461
664,535
664,599
665,81
665,165
665,231
665,268
665,349
665,369
665,591
666,72
666,375
666,460
667,210
667,368
667,485
668,27
668,348
668,440
668,497
668,535
668,571
669,32
669,132
669,196
669,287
669,434
669,526
670,0
670,32
670,75
670,103
670,370
670,374
670,445
670,454
671,32
671,121
671,199
671,487
671,593
672,85
672,292
672,369
672,400
673,205
673,223
673,317
673,365
673,490
673,492
674,68
674,90
674,92
674,130
674,168
674,205
674,254
674,405
674,495
674,497
674,525
674,536
675,176
675,228
675,267
675,371
675,380
675,382
675,446
675,452
675,518
676,64
676,272
676,273
676,412
676,523
677,427
677,482
677,583
678,5
678,119
678,147
678,211
678,307
678,367
678,577
678,578
679,7
679,38
679,74
679,131
679,151
679,504
679,573
680,98
680,261
680,502
681,141
681,182
681,188
681,226
681,401
681,446
681,457
682,50
682,194
682,212
682,273
682,382
682,421
682,496
682,521
683,118
683,172
683,322
683,336
683,360
683,419
683,440
683,458
683,559
684,75
684,373
684,537
684,579
685,100
685,522
685,540
686,147
686,248
686,291
687,6
687,209
687,282
687,342
687,412
687,543
687,557
687,561
687,585
688,75
688,163
688,193
688,216
688,231
688,446
688,561
689,103
689,251
689,451
689,544
690,7
690,94
690,116
690,299
690,301
690,452
690,470
690,498
691,27
691,144
691,160
691,209
691,498
691,565
692,319
692,455
692,522
692,567
692,575
692,586
693,100
693,285
693,388
693,436
693,453
693,560
693,566
693,589
693,593
694,39
694,133
694,140
694,173
694,243
694,587
695,67
695,113
695,146
695,160
695,292
695,337
695,460
695,482
696,227
696,458
696,531
697,182
697,294
697,389
697,444
697,474
697,552
698,83
698,166
698,222
698,242
698,431
698,505
698,534
699,167
699,509
700,10
700,77
700,121
700,152
700,168
700,256
700,413
700,539
700,579
701,266
701,291
701,305
701,543
702,8
702,106
702,140
702,191
702,343
702,351
702,404
703,46
703,82
703,87
703,94
703,177
703,450
703,506
703,512
703,582
704,108
704,178
704,265
704,336
704,526
705,183
705,370
705,429
706,13
706,29
706,121
706,498
706,574
707,58
707,114
707,211
707,298
707,327
707,364
707,479
707,530
708,47
708,211
708,215
708,392
708,452
708,497
708,541
709,5
709,94
709,107
709,117
709,162
709,489
709,530
710,60
710,68
710,114
710,299
710,381
710,382
710,436
710,443
711,114
711,215
711,242
711,248
711,280
711,392
711,395
711,428
711,530
712,60
712,104
712,174
712,217
712,353
712,377
712,379
712,443
712,458
712,469
712,501
712,581
713,118
713,217
713,228
713,342
713,372
713,469
713,521
714,20
714,136
714,284
714,292
714,340
714,408
714,573
715,105
715,216
715,378
715,406
715,420
715,550
716,162
716,211
716,389
716,424
716,435
716,521
716,565
717,306
717,365
717,419
717,508
718,7
718,42
718,194
718,289
718,383
719,216
719,298
719,315
719,339
719,359
719,421
720,180
720,184
720,252
721,119
721,135
721,193
721,203
721,311
721,390
721,418
722,129
722,164
722,244
722,260
722,279
722,415
722,445
723,20
723,62
723,63
723,248
723,320
723,415
723,515
724,70
724,105
724,215
724,229
724,482
724,575
725,542
725,572
725,575
726,35
726,226
726,272
726,296
726,386
726,406
726,488
727,11
727,138
727,209
727,585
728,297
728,335
728,405
728,455
728,557
728,589
729,37
729,145
729,285
729,295
729,325
729,348
729,441
729,446
729,540
729,599
730,294
730,298
730,430
730,490
730,503
730,534
731,33
731,52
731,116
731,232
731,265
731,505
731,579
732,56
732,131
732,211
732,332
732,370
732,394
732,428
733,275
733,289
733,314
733,315
733,331
734,266
734,397
734,439
735,45
735,123
735,227
735,280
735,406
735,435
735,524
735,545
736,271
736,318
736,596
737,176
737,317
737,321
737,349
737,406
737,428
737,465
737,475
737,494
737,539
737,547
738,73
738,196
738,206
738,298
738,321
738,398
738,400
738,415
738,566
738,582
738,599
739,47
739,199
739,482
739,536
739,538
740,91
740,149
740,251
740,357
740,475
740,533
740,571
740,591
741,284
741,467
741,513
741,531
741,534
741,562
742,10
742,35
742,136
742,333
742,555
743,30
743,150
743,161
743,213
743,226
743,279
744,37
744,78
744,316
745,125
745,160
745,227
745,390
745,554
746,258
746,286
746,565
746,586
747,54
747,94
747,150
747,264
747,276
747,423
747,566
747,586
747,587
748,133
748,227
748,253
749,24
749,40
749,62
749,202
749,273
749,382
749,543
749,545
749,551
749,559
750,78
750,123
750,152
750,343
750,551
750,572
751,9
751,71
751,192
751,269
751,304
751,324
751,368
751,405
751,434
751,475
751,492
751,561
752,15
752,38
752,188
752,385
752,598
753,56
753,81
753,119
753,129
753,217
753,454
753,595
754,30
754,112
754,309
754,511
754,598
755,37
755,87
755,108
755,259
755,530
755,593
756,67
756,78
756,138
756,172
756,289
756,322
756,578
757,138
757,198
757,217
757,246
757,391
757,445
757,477
758,59
758,139
758,287
758,360
758,532
758,554
759,88
759,303
759,321
759,418
760,331
760,405
760,415
760,510
761,184
761,304
761,336
761,483
761,541
762,97
762,168
762,172
762,247
763,84
763,306
763,324
763,455
763,533
763,554
763,565
763,573
764,74
764,197
764,348
764,494
765,45
765,86
765,91
765,113
765,350
765,398
765,438
765,592
766,6
766,9
766,98
766,106
766,187
766,193
766,223
766,258
766,260
766,299
766,352
766,428
767,107
767,139
767,165
767,252
767,262
767,356
767,554
768,17
768,107
768,324
768,463
768,564
769,3
769,115
769,356
769,582
770,146
770,190
770,207
770,291
770,319
770,346
770,408
770,416
770,472
770,545
770,547
770,589
771,271
771,366
771,412
771,555
771,585
771,592
771,597
772,23
772,134
772,181
772,343
772,434
773,55
773,220
773,277
773,293
773,321
773,406
773,553
774,14
774,47
774,158
774,377
775,19
775,32
775,348
775,410
776,27
776,163
776,297
776,307
776,343
776,403
776,553
776,560
776,597
777,56
777,123
777,153
777,158
777,268
777,307
777,332
777,371
777,400
777,594
778,23
778,59
778,61
778,194
778,206
778,282
778,377
778,396
778,451
778,571
779,47
779,149
779,267
779,428
779,483
779,545
780,129
780,272
780,374
780,380
781,59
781,62
781,85
781,220
781,290
781,327
782,334
782,369
782,373
782,375
782,378
782,433
782,536
783,11
783,151
783,274
783,369
783,395
784,68
784,97
784,252
784,436
784,461
784,521
784,563
785,118
785,564
786,7
786,49
786,176
786,368
786,376
786,538
786,541
786,569
787,98
787,327
787,409
787,568
788,257
788,292
788,463
788,467
788,548
788,550
789,93
789,119
789,312
789,350
790,11
790,18
790,68
790,146
790,215
790,240
790,414
790,524
791,58
791,87
791,452
791,585
792,26
792,262
792,289
792,363
792,463
792,502
792,525
793,39
793,105
793,134
793,157
793,183
793,275
793,442
794,68
794,130
794,132
794,324
794,393
794,441
794,464
794,497
795,69
795,297
795,408
795,432
795,439
795,446
795,472
795,485
796,37
796,61
796,185
796,477
796,493
796,503
796,539
797,19
797,74
797,155
797,580
798,32
798,253
798,258
798,396
798,407
798,437
798,539
799,47
799,212
799,565