0 0
0 2
1 3
2 4
3 5
5 2
6 3
7 2
10 3
12 4
13 5
11 5
12 7
10 7
9 5
8 7
6 7
7 9
9 9
10 10
11 11
13 9
13 13
14 11
15 10
16 11
18 10
20 10
19 9
17 6
15 7
15 4
18 3
20 5
21 8
22 8
23 9
24 10
22 12
24 13
27 15
29 15
31 16
31 18
32 18
32 21
33 23
32 24
31 24
29 31
21 31
24 46
16 40
10 38
13 36
17 33
16 29
19 27
20 26
23 27
26 27
25 24
27 23
24 18
25 16
23 17
22 19
21 19
19 19
18 22
17 21
17 18
16 17
18 17
20 16
22 15
20 13
18 13
17 12
15 13
14 16
12 14
10 14
8 14
7 15
6 14
4 14
2 12
3 11
6 12
8 11
5 11
5 9
4 8
3 9
0 9
1 10
1 13
0 14
0 17
1 18
1 21
1 23
0 24
2 24
3 23
4 21
3 20
4 18
2 16
3 15
6 17
6 20
7 21
8 19
10 19
9 17
11 17
13 17
14 20
15 22
16 22
14 24
13 25
13 22
11 22
9 23
8 24
10 24
12 24
11 26
10 27
9 27
8 28
7 29
6 30
5 32
4 31
3 30
5 29
7 27
6 24
5 25
4 26
1 27
2 28
1 31
2 33
0 33
0 35
0 37
1 37
2 37
3 37
2 40
1 40
0 41
1 43
3 41
4 40
7 42
5 42
4 43
3 45
5 44
6 44
7 45
8 44
11 47
10 48
9 47
0 54
1 56
2 56
5 58
6 59
8 60
12 63
14 63
11 69
10 72
4 76
7 80
9 85
5 84
0 84
2 86
4 87
6 86
8 87
11 87
13 87
14 87
15 86
16 85
18 87
19 88
19 91
20 93
22 96
12 116
25 122
27 126
26 128
32 151
42 148
59 143
47 140
44 135
37 127
51 119
54 119
55 121
56 120
57 118
58 119
59 121
61 124
62 123
63 125
64 124
65 123
66 122
67 123
66 125
68 124
69 125
70 124
71 126
72 128
73 127
74 128
75 128
76 130
77 131
78 138
81 135
82 133
83 132
84 134
85 134
86 138
88 140
89 140
86 145
92 142
94 143
95 144
96 150
99 154
101 154
102 150
103 148
105 148
107 149
106 150
104 150
103 151
103 153
105 155
106 156
104 157
101 158
97 158
95 159
94 158
90 160
96 174
94 177
92 178
68 160
73 182
69 185
52 190
50 194
45 191
46 198
24 209
9 206
23 216
53 216
51 207
55 206
58 205
61 204
63 203
66 202
65 207
62 207
61 208
57 217
64 221
70 222
71 224
77 221
80 222
88 221
89 219
95 226
99 228
100 235
101 237
94 238
97 241
101 244
102 240
104 240
105 242
107 242
108 242
109 240
110 238
106 235
110 232
124 235
125 243
123 243
120 244
119 242
118 242
117 242
115 240
113 239
114 240
115 242
113 242
112 241
111 241
110 242
109 243
106 247
107 247
108 249
105 249
104 249
103 251
103 254
102 254
101 253
100 252
99 251
98 251
101 249
103 246
102 246
100 246
99 247
99 249
95 249
93 249
91 245
88 238
89 232
85 232
78 227
76 231
75 233
79 239
81 239
81 242
79 242
74 238
68 237
61 239
62 246
61 247
60 246
59 248
57 250
58 251
60 253
56 252
49 253
47 252
40 256
38 256
37 257
45 257
48 255
50 257
51 256
54 257
60 255
66 252
77 245
82 250
85 246
87 245
86 248
84 252
87 253
88 254
90 255
91 252
92 251
93 252
94 256
97 254
98 253
99 254
97 257
99 257
101 256
103 256
104 256
105 257
107 257
110 248
112 248
113 249
114 250
115 249
116 250
118 250
119 254
120 257
121 257
123 256
124 256
125 255
127 255
128 256
129 257
131 256
132 256
128 254
129 253
130 252
128 252
126 250
122 249
130 249
133 249
133 252
134 253
135 255
137 257
135 253
136 247
140 247
141 255
142 255
143 254
144 256
145 257
148 257
150 256
161 256
158 246
154 247
150 249
147 248
148 247
157 237
163 231
164 230
161 228
160 227
159 225
162 225
161 222
163 222
166 222
165 220
163 220
163 217
162 216
160 216
160 218
162 219
160 220
158 220
157 221
156 219
158 217
154 216
153 216
152 214
156 214
159 214
158 213
156 209
155 210
154 210
151 208
150 209
149 207
148 206
152 207
154 207
153 205
152 204
151 202
150 204
148 203
146 206
139 207
137 208
133 210
121 213
118 203
109 210
108 212
107 212
105 211
104 210
104 213
110 214
112 215
116 220
105 215
103 215
96 216
94 212
91 211
92 213
93 215
94 217
90 218
90 216
85 214
88 198
93 199
94 205
98 204
101 201
100 197
104 198
104 196
105 194
106 197
107 196
108 197
109 198
110 198
113 198
119 196
122 196
125 196
119 188
115 191
111 188
110 185
111 184
109 184
109 188
108 189
106 191
105 189
107 186
106 185
106 181
104 181
104 177
107 179
107 177
107 175
109 175
112 179
110 180
111 181
113 181
114 186
118 177
113 174
115 172
112 169
111 168
107 169
110 172
108 173
106 173
106 170
103 168
102 165
102 162
105 160
107 161
109 162
108 164
106 164
105 167
107 167
109 167
110 164
111 162
112 164
114 164
115 163
116 160
113 158
112 155
111 156
110 156
108 156
108 154
110 154
108 152
109 151
109 147
110 148
112 148
113 152
114 154
115 158
117 158
119 158
118 156
120 153
117 148
114 147
113 148
112 146
111 145
110 145
109 144
106 146
104 145
106 143
107 144
108 143
118 133
117 132
115 124
106 139
103 143
100 143
101 144
102 145
100 147
101 149
98 148
98 142
99 142
100 140
99 137
98 139
96 139
93 138
94 136
92 135
91 136
90 135
89 133
88 135
87 135
85 131
82 130
81 129
80 131
79 132
78 130
76 127
80 109
79 108
77 109
76 109
73 110
72 109
71 112
66 113
64 113
63 114
62 119
60 120
60 114
61 113
58 111
56 114
55 115
53 118
52 116
51 115
53 114
51 110
50 113
49 112
47 114
49 115
48 116
46 115
44 115
43 114
42 113
46 111
48 109
43 110
41 110
41 108
40 107
43 106
44 107
45 104
41 103
41 100
39 102
36 103
34 98
35 97
37 97
38 95
39 96
40 95
42 93
44 93
46 91
48 91
49 89
47 90
45 90
44 90
40 90
38 86
39 84
42 81
43 80
44 80
45 82
46 82
47 84
48 86
50 88
51 88
52 89
53 87
55 88
55 86
57 86
59 85
62 85
63 84
60 83
57 82
52 76
53 76
54 75
55 75
61 78
64 75
63 74
61 74
62 71
63 71
64 72
65 71
64 69
65 67
64 66
65 64
67 64
71 63
73 63
74 62
75 63
76 62
77 64
82 69
84 72
90 72
92 73
97 75
99 75
101 75
103 68
107 76
112 81
114 80
116 81
117 81
119 79
121 77
121 80
118 89
117 88
116 87
114 88
113 87
114 84
115 83
113 83
110 83
112 85
110 87
110 85
108 85
107 86
106 85
105 85
104 84
103 84
101 82
100 83
97 83
96 82
95 82
94 83
89 83
86 81
83 83
81 81
80 78
81 76
79 71
78 72
77 73
72 71
71 73
70 74
68 75
64 82
65 82
66 83
67 83
68 84
71 85
72 82
74 82
75 82
77 82
79 82
90 96
92 99
93 99
95 101
96 103
94 103
93 102
92 103
91 101
90 101
89 102
88 101
87 101
86 100
86 104
87 104
88 105
87 106
85 105
84 104
83 104
82 105
84 106
87 109
89 107
90 108
95 109
97 109
98 103
100 103
101 104
102 104
104 105
106 105
108 105
106 107
108 108
109 107
110 108
111 110
112 109
113 109
114 109
115 112
114 112
113 112
112 112
111 113
110 112
107 112
105 111
103 111
101 110
99 109
102 111
109 113
113 116
114 115
116 116
116 114
117 115
118 115
118 113
120 112
120 114
121 115
122 115
123 117
122 120
124 123
125 125
127 130
128 132
129 126
130 127
131 128
133 126
138 126
140 126
141 127
143 128
144 125
142 123
139 123
140 122
141 122
143 122
144 118
143 117
145 116
146 114
148 115
149 115
150 117
151 118
152 119
154 118
155 118
156 120
157 121
158 122
155 122
154 120
153 121
148 127
146 128
151 130
160 132
158 134
156 135
154 140
150 141
148 141
144 141
142 141
139 133
137 131
135 129
131 135
120 138
121 142
126 142
132 136
133 137
134 137
135 139
140 141
143 154
144 157
138 163
141 166
145 164
146 166
147 167
149 166
151 167
152 168
152 163
154 166
155 167
156 166
157 167
159 167
161 167
159 164
157 161
161 161
162 160
163 162
164 160
163 157
160 157
158 157
156 158
151 150
159 154
159 156
161 155
161 153
164 156
166 157
168 155
170 156
167 158
168 159
170 159
172 158
171 155
173 154
174 156
176 152
178 156
180 155
184 155
185 154
189 153
190 152
191 153
192 154
193 154
195 155
196 157
195 158
194 160
192 161
191 160
190 159
188 159
186 156
181 159
176 160
175 160
171 160
169 160
170 162
168 162
166 161
165 162
162 164
163 165
164 164
165 165
167 164
166 166
168 168
173 172
175 173
174 178
172 174
165 172
164 169
163 170
161 169
159 170
157 170
158 172
159 172
161 172
159 174
157 173
155 175
157 176
159 177
163 180
162 183
157 185
156 186
155 184
153 184
154 181
155 181
158 182
157 181
156 180
156 178
154 179
152 183
150 187
153 186
154 187
155 188
153 189
151 189
152 190
151 192
149 193
148 190
145 191
141 190
137 191
129 189
132 195
134 195
137 193
140 192
144 194
145 193
148 194
146 196
142 197
141 196
138 201
142 200
143 202
145 201
147 201
149 200
151 200
152 198
150 198
151 196
150 195
152 195
154 196
155 200
157 201
161 200
166 197
168 198
170 191
173 194
174 192
176 194
176 196
178 197
177 193
185 189
177 189
175 189
176 188
177 186
178 185
180 184
182 181
182 178
184 178
183 176
187 172
186 170
188 171
189 169
194 169
198 168
200 165
201 163
202 162
199 161
198 156
197 156
197 153
198 152
200 151
199 150
199 146
196 146
195 143
200 139
211 134
213 134
217 128
218 127
215 135
216 136
214 139
212 140
214 141
217 141
219 144
218 146
213 145
210 144
209 140
208 140
205 141
204 142
205 144
202 143
203 144
203 146
201 146
201 149
207 150
206 151
205 153
203 154
202 153
201 153
200 154
202 156
203 157
204 156
205 156
205 158
207 160
205 161
203 161
205 164
209 163
208 164
205 167
206 171
212 170
211 163
210 160
209 160
209 158
207 156
208 155
210 153
212 153
212 156
211 161
212 162
213 163
215 162
217 162
218 160
224 160
227 159
225 161
223 162
221 164
220 164
219 166
216 164
214 164
214 166
215 167
216 168
217 171
213 173
206 176
202 174
200 170
196 171
193 174
193 176
192 177
191 177
189 183
193 181
194 183
193 185
193 189
189 187
188 188
189 190
189 193
190 194
190 197
191 198
191 202
203 200
201 192
200 191
200 188
199 188
200 184
203 181
210 180
213 180
219 175
220 173
222 174
223 173
224 175
225 173
226 174
227 173
229 174
224 186
228 187
231 180
231 177
231 175
230 172
229 171
230 169
231 167
234 167
235 166
234 164
235 163
237 164
237 166
236 168
236 170
235 170
234 169
232 170
231 171
232 173
233 174
234 175
236 178
237 177
238 175
241 175
242 180
244 181
246 180
249 179
248 178
246 178
245 175
242 173
243 173
246 172
245 171
244 170
244 168
245 165
245 168
247 171
248 171
250 171
249 175
250 174
252 172
251 170
252 169
253 167
253 169
254 171
253 172
254 174
253 175
252 176
253 179
254 180
255 182
257 181
258 187
261 186
263 188
259 189
260 190
261 192
262 193
263 194
264 194
262 197
261 197
258 195
260 199
261 203
260 202
258 202
257 205
260 207
259 209
258 212
257 217
256 220
261 220
264 220
267 221
256 226
252 225
252 221
252 218
251 215
253 215
254 213
241 184
240 183
239 184
237 184
238 186
235 188
232 190
230 189
229 192
227 189
225 192
221 193
218 188
213 189
209 192
209 197
216 199
214 200
211 202
208 202
202 204
191 208
184 214
184 208
176 201
174 200
171 198
169 199
167 200
160 202
161 203
160 204
159 205
160 208
159 210
160 211
161 212
161 214
163 214
165 216
168 215
169 214
170 213
171 211
169 211
170 208
169 207
168 207
168 204
171 205
172 205
173 205
175 207
177 210
178 214
174 211
172 213
171 214
170 217
171 218
172 218
172 221
169 220
170 222
171 224
172 223
175 220
178 221
179 221
186 231
178 228
171 226
168 228
167 227
165 224
164 224
164 227
166 228
165 230
167 231
166 233
168 232
169 234
171 233
172 234
170 236
167 239
166 240
162 242
168 240
169 239
170 240
171 239
172 239
174 239
172 241
173 243
174 241
176 240
176 242
175 244
176 247
177 246
186 241
189 248
188 247
187 246
186 246
178 248
179 250
178 252
177 254
179 254
180 255
188 254
191 250
196 250
192 257
195 256
197 256
201 257
206 256
208 255
209 257
210 255
212 255
215 255
217 255
218 257
219 255
221 255
226 254
227 256
228 255
231 256
232 257
233 257
235 257
234 254
236 255
237 256
238 255
239 256
240 257
241 257
244 257
248 256
249 257
250 257
251 256
252 256
252 253
247 254
246 253
245 254
244 253
242 253
241 250
236 245
245 245
247 249
249 251
251 251
252 250
253 251
254 251
255 250
250 244
253 238
254 242
258 244
259 249
258 251
260 255
260 257
266 256
268 252
270 255
274 257
285 255
291 254
289 250
284 247
282 246
281 243
283 244
285 242
286 247
293 246
295 246
296 248
300 248
298 249
295 252
297 253
302 257
306 256
310 255
314 256
316 256
318 255
320 254
319 252
321 253
322 251
323 252
322 255
324 256
324 253
326 252
331 256
330 254
329 253
328 251
326 248
324 248
322 248
321 249
320 251
317 249
316 247
315 247
314 246
312 246
312 243
313 244
314 244
315 243
316 241
314 241
313 241
311 241
312 240
314 239
316 239
318 239
320 239
318 242
317 242
316 244
317 245
318 246
318 248
319 249
320 248
320 246
319 244
322 245
324 244
326 243
322 242
321 237
318 237
317 237
315 238
313 238
311 239
308 239
308 235
305 234
299 236
298 235
297 235
296 237
294 239
296 241
293 242
294 243
292 245
290 242
291 238
284 238
286 237
288 237
289 236
292 236
293 237
294 236
295 233
296 231
298 231
297 229
299 228
298 227
295 225
293 225
291 226
292 224
294 223
296 223
295 219
296 218
293 218
292 219
290 221
289 220
291 217
290 215
289 214
287 215
284 216
285 214
282 211
280 215
281 218
279 219
282 220
283 219
285 220
287 220
287 224
288 225
289 226
289 228
290 229
291 230
293 228
295 230
294 231
292 231
289 232
288 233
287 234
285 231
284 232
282 234
279 234
280 239
263 241
270 232
272 225
275 226
277 226
276 229
278 229
282 229
284 227
287 229
286 226
285 224
283 225
281 224
279 225
277 221
268 218
266 212
271 211
274 212
277 211
275 207
273 205
270 207
265 205
265 201
262 201
263 199
266 199
264 197
265 195
266 195
268 196
269 197
271 196
272 197
273 195
274 195
276 194
277 193
278 193
278 195
279 194
280 195
281 196
282 195
283 196
284 197
286 197
285 198
283 201
282 202
281 202
284 205
286 205
288 209
290 208
292 208
292 206
296 208
294 209
292 213
297 211
298 210
299 210
300 210
301 209
301 206
300 206
297 206
295 206
294 205
292 204
290 201
287 200
288 199
289 200
292 201
293 200
294 201
295 197
296 196
294 196
293 197
292 199
291 199
290 198
288 197
293 191
291 190
290 189
287 190
284 188
289 184
286 182
291 169
290 167
291 166
292 167
297 169
300 171
302 171
303 177
304 177
309 178
310 179
313 177
315 179
317 180
312 181
309 182
308 180
307 182
306 183
309 187
312 189
311 191
310 190
306 193
304 192
303 191
303 189
298 187
297 190
295 192
302 193
301 195
299 201
305 203
303 207
304 208
304 211
302 211
299 214
301 213
303 213
304 214
303 218
302 219
298 221
300 222
301 223
304 222
305 221
304 219
306 219
307 217
306 214
308 213
306 212
305 211
307 211
308 209
309 207
307 206
307 204
308 196
311 203
312 205
310 207
311 208
309 211
310 213
312 213
311 210
312 210
313 209
314 209
313 206
314 205
315 206
316 207
317 205
317 203
316 202
319 203
321 202
321 200
319 200
318 199
319 197
319 195
319 193
321 193
322 193
322 195
324 194
324 196
324 198
322 197
322 199
325 199
323 201
321 205
320 204
319 205
318 206
317 208
318 209
316 209
314 211
318 216
317 218
316 219
315 221
314 222
311 222
310 221
309 219
308 218
307 222
312 227
313 225
314 226
315 228
318 228
316 230
314 230
313 229
311 229
309 229
310 234
311 235
311 237
312 236
314 236
313 235
312 233
314 233
313 231
315 231
316 232
315 235
316 236
317 234
320 234
320 231
319 230
323 220
320 218
323 215
320 214
322 212
323 211
325 210
325 214
327 211
329 210
331 210
328 207
334 204
333 204
329 202
326 204
328 201
330 200
327 197
328 195
326 190
325 188
322 188
321 190
318 190
317 188
320 188
320 186
321 187
324 186
323 182
321 181
319 185
316 185
319 181
320 176
318 177
317 176
316 174
314 175
311 175
310 172
309 171
308 170
312 169
311 166
307 162
306 163
305 162
306 160
304 161
301 164
299 161
298 160
303 160
302 157
301 154
302 153
299 153
296 157
297 158
296 159
295 157
294 156
293 155
292 154
291 153
289 153
287 152
288 151
290 150
289 149
288 148
287 148
286 146
287 146
289 146
291 147
291 149
292 148
294 149
300 150
302 147
303 144
301 146
298 145
296 145
295 148
293 147
293 145
293 143
294 141
293 140
292 141
291 139
288 136
286 137
285 137
284 136
283 136
281 138
283 139
285 140
286 140
287 140
290 142
287 143
286 143
285 144
284 142
283 141
283 145
284 146
285 148
285 153
272 153
272 156
273 164
273 166
274 165
275 164
276 163
276 165
278 164
282 161
285 160
286 159
287 157
286 155
288 155
289 157
287 160
289 160
290 161
290 163
289 163
288 162
287 163
286 163
285 164
287 166
288 165
289 166
286 168
285 167
275 175
273 180
276 182
278 185
279 185
280 186
281 187
278 190
276 190
274 191
275 193
272 193
270 195
271 191
269 191
268 192
267 191
266 190
265 188
270 178
264 174
259 179
258 179
254 177
257 175
257 173
258 172
257 170
256 169
256 167
257 167
258 166
259 169
261 171
262 172
266 166
264 164
260 163
260 161
261 159
263 157
262 156
260 157
261 155
263 155
264 153
262 153
259 149
258 150
257 151
256 151
255 153
256 154
255 156
253 155
252 155
251 157
250 159
251 162
251 160
253 157
254 157
256 163
255 166
254 167
252 165
251 164
249 163
246 161
244 162
243 160
241 160
239 160
237 160
234 160
233 160
232 159
231 158
230 158
229 157
226 155
227 153
225 154
223 154
220 154
217 153
213 152
214 151
215 150
216 149
219 147
220 148
221 149
222 151
224 153
223 150
224 148
222 147
221 144
222 143
223 144
227 141
228 146
234 146
236 145
233 151
240 150
247 149
252 153
253 151
254 151
255 149
256 148
257 147
258 144
259 143
262 144
261 145
260 146
259 147
262 150
263 152
265 152
264 151
264 149
266 149
267 150
268 150
269 149
270 147
269 147
268 146
267 144
268 143
268 140
267 141
263 141
260 135
251 137
246 141
244 137
224 133
225 132
223 124
227 119
248 122
265 124
266 125
263 130
265 137
269 139
271 139
272 139
271 141
271 143
270 144
271 146
273 147
274 145
273 144
274 143
273 141
274 139
275 141
277 142
277 139
275 138
276 136
275 135
274 136
270 137
268 135
269 134
271 129
272 129
273 130
274 129
276 131
275 133
277 134
277 131
278 130
282 130
285 134
286 134
287 134
288 131
289 131
290 132
291 132
292 129
291 128
290 129
289 128
290 126
290 124
283 116
287 118
288 119
289 120
294 122
300 121
301 122
302 124
304 121
306 120
307 118
308 119
310 116
311 115
313 114
315 117
315 119
314 120
316 120
316 122
314 122
313 121
312 120
311 121
309 122
308 124
306 124
305 125
303 125
300 127
299 127
298 129
297 128
296 128
296 130
295 130
294 129
293 132
295 133
297 133
298 132
299 130
301 128
303 128
304 127
306 128
307 126
309 128
310 129
311 130
308 129
308 131
306 131
305 129
304 130
303 130
302 131
301 130
300 131
300 134
298 136
294 138
296 140
297 141
299 141
302 140
303 141
303 138
302 136
301 135
302 134
304 134
305 134
307 134
309 137
315 142
310 134
312 132
314 129
316 128
317 127
315 126
313 128
312 128
311 127
310 126
309 125
311 124
312 123
313 125
314 125
316 124
317 124
318 125
319 125
321 123
322 122
320 121
319 122
318 121
318 119
319 118
317 118
316 116
317 116
318 114
319 115
320 116
321 116
322 117
321 118
323 120
324 121
326 119
327 118
325 118
324 117
323 116
323 114
325 115
326 116
328 115
327 113
326 112
325 111
324 112
323 111
322 111
321 110
321 113
320 112
319 111
320 109
318 108
318 111
316 111
315 111
316 109
317 107
319 106
320 107
321 106
322 106
323 105
322 103
322 101
321 100
320 100
319 102
321 103
320 104
318 105
317 104
317 102
318 101
316 100
317 99
318 99
319 98
320 98
322 98
323 100
324 101
325 102
325 104
324 106
322 108
324 108
325 109
326 108
326 106
326 103
327 104
329 105
329 108
328 110
328 112
329 113
330 112
330 109
335 107
331 107
330 106
331 105
331 102
330 102
329 100
330 99
329 97
326 99
325 98
328 96
328 94
327 93
326 92
324 95
324 97
322 96
323 93
322 94
321 94
320 95
319 95
318 96
317 96
316 97
315 96
314 97
313 96
312 95
313 93
315 94
316 93
317 94
319 93
320 91
319 90
318 91
317 90
316 90
315 92
314 92
314 90
313 90
312 91
311 90
311 92
310 93
309 92
308 92
306 93
304 92
302 91
303 91
306 90
305 89
303 88
303 86
302 86
301 87
300 88
299 87
298 88
297 88
296 87
295 88
294 86
294 84
288 82
287 83
256 73
254 72
269 69
288 73
294 79
296 80
295 82
296 84
295 85
297 85
298 85
300 85
299 84
300 82
297 83
297 81
299 81
303 77
306 78
304 82
302 83
301 83
304 86
305 87
306 87
308 90
310 89
309 88
308 88
307 86
305 84
306 84
308 85
309 85
311 88
312 87
314 87
315 88
316 87
320 87
322 89
325 91
324 89
322 86
321 86
320 84
319 84
318 83
317 84
312 84
311 85
310 82
309 82
308 81
307 77
311 79
312 80
313 80
315 79
316 78
317 79
336 28
337 26
333 26
330 18
332 16
334 18
335 16
336 15
337 12
336 10
335 11
334 12
332 12
331 13
330 11
327 9
328 12
329 13
327 14
324 14
325 10
324 9
323 8
326 8
329 7
328 6
328 4
330 3
330 5
332 5
331 7
333 9
334 8
336 8
337 6
335 6
333 6
336 3
337 1
336 0
335 3
334 2
333 1
332 2
331 2
329 1
328 0
326 0
324 0
325 2
326 3
326 5
324 4
323 2
322 3
320 1
321 4
321 7
322 9
320 9
317 10
318 7
319 6
317 4
318 3
318 1
316 2
314 0
313 1
314 5
315 6
313 7
310 11
308 11
304 14
307 4
309 3
311 2
310 1
308 0
305 1
301 3
296 8
295 3
293 4
291 4
289 1
284 4
270 15
191 16
189 16
188 16
187 14
186 13
189 14
191 12
190 11
189 10
188 11
187 10
186 11
185 10
184 8
182 8
182 11
181 12
182 14
186 16
187 17
190 19
192 19
189 20
188 19
186 19
182 18
181 17
180 18
181 20
180 21
185 22
186 21
187 21
188 22
191 23
190 25
189 24
187 23
185 24
186 25
184 27
185 27
188 27
186 29
187 31
184 30
183 28
182 31
182 33
183 32
185 32
184 33
183 36
181 36
181 34
180 34
179 33
179 36
178 36
177 38
178 40
176 40
176 37
175 36
174 31
180 30
176 28
173 29
171 31
171 29
173 26
174 27
175 26
177 26
179 25
179 23
178 23
177 24
176 23
175 21
176 20
178 21
179 18
177 18
177 16
178 15
180 15
180 13
179 13
176 13
177 10
181 8
180 8
176 9
175 10
174 11
170 11
169 9
171 9
172 8
174 8
173 7
171 6
170 7
169 6
168 5
165 6
163 6
166 4
165 3
164 4
161 3
160 3
159 4
157 2
156 3
154 4
152 3
151 4
150 5
150 7
147 4
148 6
148 8
146 8
145 7
144 8
143 6
142 7
141 8
140 7
139 8
138 10
137 9
136 10
135 10
134 14
135 13
136 13
138 13
140 13
141 13
142 12
140 11
142 10
143 10
144 11
155 18
158 17
167 22
166 17
172 14
174 14
176 15
175 16
174 17
174 19
173 21
174 23
168 27
166 33
164 33
162 33
161 34
156 31
149 28
146 29
144 29
143 27
141 28
142 26
141 25
140 24
139 23
139 27
135 30
132 28
131 28
132 26
130 25
131 25
137 23
138 21
139 21
140 20
141 18
139 18
140 16
139 16
137 15
136 16
135 17
137 17
138 18
137 20
136 21
135 20
134 18
131 19
130 20
131 22
127 23
128 24
129 24
129 27
130 29
132 31
133 30
134 32
135 33
137 33
141 35
139 36
138 35
137 36
136 38
135 39
138 41
139 39
138 38
140 37
141 39
140 40
142 40
142 38
143 38
144 38
145 31
147 31
149 32
151 33
152 34
153 33
155 35
157 34
158 35
159 34
160 35
163 35
172 38
173 37
174 40
172 41
171 40
170 41
169 41
168 41
166 41
165 42
161 43
162 44
161 46
162 47
164 47
163 45
164 44
165 44
167 42
166 45
167 45
169 45
168 48
171 49
172 50
173 46
173 42
175 47
180 49
182 50
179 52
176 51
174 51
177 57
179 56
181 55
182 59
181 60
178 60
177 62
176 64
175 63
176 61
175 60
173 60
174 61
173 63
170 63
168 65
170 65
171 66
174 65
175 67
177 66
178 66
179 64
178 63
180 63
181 64
180 66
181 69
183 69
184 69
185 68
183 67
184 65
184 63
185 63
184 60
183 56
184 51
186 52
195 62
201 69
183 72
181 71
179 71
177 71
178 72
180 72
179 74
176 73
176 70
175 71
173 71
172 69
171 68
169 68
169 70
174 72
172 76
174 77
176 77
175 79
176 79
177 81
175 81
173 81
171 79
169 72
167 72
166 72
164 73
169 79
170 85
171 86
171 88
170 88
169 89
168 89
168 86
165 87
163 88
162 88
160 89
161 89
167 91
168 92
166 92
167 94
164 96
167 98
166 99
165 101
164 102
166 103
167 102
168 101
169 100
169 97
168 97
169 94
170 95
171 96
172 97
173 97
174 94
173 93
172 94
171 93
170 92
169 92
171 90
172 90
173 90
174 89
177 88
178 87
175 85
174 86
173 87
172 86
173 84
172 83
174 83
176 83
177 85
179 85
178 84
178 80
179 79
178 77
177 76
178 75
180 75
182 73
182 75
182 78
180 80
182 81
183 84
183 87
183 90
178 91
178 93
176 94
175 95
178 96
178 99
175 102
174 101
170 101
172 102
173 104
172 106
173 108
177 110
175 107
174 106
174 103
176 103
177 101
181 100
179 98
183 94
199 108
198 110
206 120
194 116
189 121
193 131
187 129
186 130
182 128
179 126
174 127
172 122
173 120
175 117
172 115
172 117
170 117
171 118
170 120
169 121
168 122
167 121
165 122
165 124
163 125
165 126
166 126
167 125
169 125
170 126
171 127
168 126
168 129
172 136
169 143
167 144
167 146
165 147
164 149
163 150
164 134
166 132
162 130
163 129
163 127
161 124
163 123
164 122
162 122
160 121
163 116
165 112
161 113
159 114
158 110
148 113
147 113
146 111
148 109
150 109
151 106
154 103
155 103
157 105
161 105
162 107
164 109
165 109
166 110
169 111
170 112
168 114
170 114
171 114
172 112
172 110
171 108
170 107
168 107
167 108
166 106
165 105
164 106
163 105
162 102
160 102
159 103
158 102
156 101
153 101
152 98
151 95
149 95
150 93
150 89
149 88
147 88
144 90
143 90
145 91
145 94
144 93
142 93
143 94
144 96
144 98
145 99
145 101
144 103
143 101
141 101
141 99
143 99
142 98
141 96
142 95
140 95
139 96
138 94
137 93
136 94
135 94
137 97
136 98
135 97
134 96
134 93
133 94
131 95
132 96
133 97
134 99
132 99
131 99
130 100
128 99
127 100
128 105
129 106
131 107
131 105
132 105
133 104
131 103
129 103
130 102
132 101
133 101
134 102
135 101
136 103
135 104
136 106
140 106
139 105
138 104
139 102
141 103
143 105
145 105
146 105
146 108
145 108
144 107
142 109
143 111
143 115
141 115
140 117
132 112
130 111
129 110
130 108
128 109
127 107
122 108
123 109
126 110
127 111
129 112
128 113
127 113
126 114
128 116
130 117
128 121
129 123
127 122
126 121
127 117
126 117
125 116
125 112
122 112
121 110
120 110
119 110
119 108
118 106
120 106
120 104
119 103
115 105
113 104
112 105
111 104
112 96
113 97
116 96
117 97
118 96
119 97
120 97
121 98
121 100
121 103
123 101
126 99
124 99
122 99
123 98
122 96
126 93
124 92
123 91
120 91
119 90
120 88
122 83
124 81
126 79
124 76
125 74
126 73
127 75
130 75
131 74
132 74
133 75
134 77
136 77
136 79
137 80
135 81
134 81
133 78
132 77
131 77
129 76
130 79
131 80
133 80
132 81
129 82
128 83
130 83
131 83
133 84
132 86
134 86
135 84
136 83
136 86
135 87
135 89
134 90
135 92
136 90
137 91
141 87
141 85
139 85
140 84
142 83
142 86
143 88
145 88
146 86
147 86
149 86
146 84
146 82
145 82
144 81
143 80
140 78
138 78
138 76
137 75
136 73
135 75
134 74
133 71
132 71
131 71
131 69
129 70
130 72
129 72
128 73
128 69
127 70
125 70
123 71
124 69
124 67
123 66
126 67
127 68
129 67
128 66
127 64
125 65
125 63
127 62
129 60
127 59
126 61
124 63
120 62
119 64
117 62
119 61
124 58
126 57
128 59
130 58
131 54
132 52
135 53
136 55
134 56
132 60
133 60
134 61
133 62
132 65
133 66
135 69
134 72
135 72
137 72
139 74
141 74
142 75
144 78
147 79
148 78
146 74
143 72
140 69
138 70
138 67
137 65
136 65
134 64
135 62
136 60
137 61
136 63
138 64
139 65
140 65
142 67
144 67
150 72
152 71
152 73
151 78
150 81
151 84
152 84
153 85
153 82
155 81
156 82
158 81
160 80
159 80
157 80
156 77
154 73
156 72
155 70
158 71
159 73
162 73
164 66
166 65
167 64
165 63
161 62
160 59
156 56
162 58
161 60
163 60
164 61
166 62
168 62
169 62
167 59
169 57
170 58
171 59
174 58
173 57
172 56
171 55
170 55
169 54
168 53
167 53
165 52
166 55
165 54
163 54
164 52
162 49
162 52
161 52
160 51
159 51
158 50
157 51
155 51
154 47
156 48
157 48
158 46
159 45
159 43
157 44
156 43
155 44
154 43
153 42
152 44
151 43
150 41
146 39
144 41
143 41
145 43
146 41
147 41
148 42
149 43
150 45
149 46
151 46
153 45
152 47
153 48
153 50
153 52
154 53
152 54
152 59
151 62
150 61
149 61
147 58
148 62
146 63
146 66
145 65
144 63
143 63
141 63
142 62
144 58
141 59
140 60
139 61
138 60
139 58
138 57
140 56
141 56
142 56
143 55
145 56
146 55
148 54
150 54
149 51
147 53
145 51
144 50
147 48
147 45
146 44
144 44
142 45
141 43
140 44
139 43
138 46
136 48
136 46
137 43
136 42
133 43
129 51
125 46
127 45
131 43
133 38
134 36
136 35
135 35
132 35
133 33
132 33
130 31
129 31
128 30
127 28
128 27
126 27
126 24
125 24
124 22
125 21
126 21
127 20
128 21
129 21
128 19
126 18
124 18
125 17
127 16
128 16
129 17
128 14
130 14
133 8
132 6
130 8
129 9
128 8
127 9
129 11
128 12
127 12
126 13
125 14
124 13
70 60
69 62
68 60
67 61
65 61
64 61
63 60
61 59
62 57
60 57
59 55
57 56
56 54
55 54
54 53
53 52
52 52
52 55
51 57
53 59
54 63
58 65
57 66
56 67
55 69
59 70
58 72
57 73
56 73
53 70
50 68
52 66
50 59
49 58
49 56
48 59
47 60
46 60
45 60
48 63
45 64
43 62
42 61
44 59
45 57
42 59
41 59
41 64
41 66
47 70
51 75
49 76
46 74
44 74
43 74
41 75
42 76
41 79
40 78
37 78
36 79
35 82
32 87
25 86
24 88
21 86
20 82
24 82
25 84
26 83
27 84
29 83
27 81
28 80
30 81
31 78
29 78
25 78
27 74
29 75
30 73
31 73
29 71
28 71
26 70
22 68
17 65
12 48
13 49
15 51
18 53
19 54
20 55
23 55
24 57
25 56
26 57
27 58
29 58
30 59
31 59
32 60
33 59
34 60
35 61
35 63
34 66
35 66
35 68
33 75
34 78
36 76
38 73
37 72
36 69
37 62
36 60
37 60
39 53
51 52
51 50
50 49
49 48
48 46
47 46
46 44
44 43
45 41
44 40
43 41
43 39
40 39
42 37
41 36
40 34
39 32
38 30
39 29
36 28
37 27
36 26
35 26
34 25
34 23
35 22
33 20
33 17
31 14
30 14
28 12
26 10
25 7
27 7
29 8
28 4
31 4
34 3
32 8
31 10
34 9
37 7
46 6
48 5
71 1
61 1
49 4
47 4
42 2
40 1
37 0
33 1
29 0
27 2
26 3
24 2
23 3
22 2
22 0
20 0
20 2
18 1
17 0
16 2
15 1
14 2
12 1
8 0
4 1
3 0
2 0