0,0
0,2
0,9
0,14
0,17
0,24
0,33
0,35
0,37
0,41
0,54
0,84
1,3
1,10
1,13
1,18
1,21
1,23
1,27
1,31
1,37
1,40
1,43
1,56
2,0
2,4
2,12
2,16
2,24
2,28
2,33
2,37
2,40
2,56
2,86
3,0
3,5
3,9
3,11
3,15
3,20
3,23
3,30
3,37
3,41
3,45
4,1
4,8
4,14
4,18
4,21
4,26
4,31
4,40
4,43
4,76
4,87
5,2
5,9
5,11
5,25
5,29
5,32
5,42
5,44
5,58
5,84
6,3
6,7
6,12
6,14
6,17
6,20
6,24
6,30
6,44
6,59
6,86
7,2
7,9
7,15
7,21
7,27
7,29
7,42
7,45
7,80
8,0
8,7
8,11
8,14
8,19
8,24
8,28
8,44
8,60
8,87
9,5
9,9
9,17
9,23
9,27
9,47
9,85
9,206
10,3
10,7
10,10
10,14
10,19
10,24
10,27
10,38
10,48
10,72
11,5
11,11
11,17
11,22
11,26
11,47
11,69
11,87
12,1
12,4
12,7
12,14
12,24
12,48
12,63
12,116
13,5
13,9
13,13
13,17
13,22
13,25
13,36
13,49
13,87
14,2
14,11
14,16
14,20
14,24
14,63
14,87
15,1
15,4
15,7
15,10
15,13
15,22
15,51
15,86
16,2
16,11
16,17
16,22
16,29
16,40
16,85
17,0
17,6
17,12
17,18
17,21
17,33
17,65
18,1
18,3
18,10
18,13
18,17
18,22
18,53
18,87
19,9
19,19
19,27
19,54
19,88
19,91
20,0
20,2
20,5
20,10
20,13
20,16
20,26
20,55
20,82
20,93
21,8
21,19
21,31
21,86
22,0
22,2
22,8
22,12
22,15
22,19
22,68
22,96
23,3
23,9
23,17
23,27
23,55
23,216
24,2
24,10
24,13
24,18
24,46
24,57
24,82
24,88
24,209
25,7
25,16
25,24
25,56
25,78
25,84
25,86
25,122
26,3
26,10
26,27
26,57
26,70
26,83
26,128
27,2
27,7
27,15
27,23
27,58
27,74
27,81
27,84
27,126
28,4
28,12
28,71
28,80
29,0
29,8
29,15
29,31
29,58
29,71
29,75
29,78
29,83
30,14
30,59
30,73
30,81
31,4
31,10
31,14
31,16
31,18
31,24
31,59
31,73
31,78
32,8
32,18
32,21
32,24
32,60
32,87
32,151
33,1
33,17
33,20
33,23
33,59
33,75
34,3
34,9
34,23
34,25
34,60
34,66
34,78
34,98
35,22
35,26
35,61
35,63
35,66
35,68
35,82
35,97
36,26
36,28
36,60
36,69
36,76
36,79
36,103
37,0
37,7
37,27
37,60
37,62
37,72
37,78
37,97
37,127
37,257
38,30
38,73
38,86
38,95
38,256
39,29
39,32
39,53
39,84
39,96
39,102
40,1
40,34
40,39
40,78
40,90
40,95
40,107
40,256
41,36
41,59
41,64
41,66
41,75
41,79
41,100
41,103
41,108
41,110
42,2
42,37
42,59
42,61
42,76
42,81
42,93
42,113
42,148
43,39
43,41
43,62
43,74
43,80
43,106
43,110
43,114
44,40
44,43
44,59
44,74
44,80
44,90
44,93
44,107
44,115
44,135
45,41
45,57
45,60
45,64
45,82
45,90
45,104
45,191
45,257
46,6
46,44
46,60
46,74
46,82
46,91
46,111
46,115
46,198
47,4
47,46
47,60
47,70
47,84
47,90
47,114
47,140
47,252
48,5
48,46
48,59
48,63
48,86
48,91
48,109
48,116
48,255
49,4
49,48
49,56
49,58
49,76
49,89
49,112
49,115
49,253
50,49
50,59
50,68
50,88
50,113
50,194
50,257
51,50
51,52
51,57
51,75
51,88
51,110
51,115
51,119
51,207
51,256
52,52
52,55
52,66
52,76
52,89
52,116
52,190
53,52
53,59
53,70
53,76
53,87
53,114
53,118
53,216
54,53
54,63
54,75
54,119
54,257
55,54
55,69
55,75
55,86
55,88
55,115
55,121
55,206
56,54
56,67
56,73
56,114
56,120
56,252
57,56
57,66
57,73
57,82
57,86
57,118
57,217
57,250
58,65
58,72
58,111
58,119
58,205
58,251
59,55
59,70
59,85
59,121
59,143
59,248
60,57
60,83
60,114
60,120
60,246
60,253
60,255
61,1
61,59
61,74
61,78
61,113
61,124
61,204
61,208
61,239
61,247
62,57
62,71
62,85
62,119
62,123
62,207
62,246
63,60
63,71
63,74
63,84
63,114
63,125
63,203
64,61
64,66
64,69
64,72
64,75
64,82
64,113
64,124
64,221
65,61
65,64
65,67
65,71
65,82
65,123
65,207
66,83
66,113
66,122
66,125
66,202
66,252
67,61
67,64
67,83
67,123
68,60
68,75
68,84
68,124
68,160
68,237
69,62
69,125
69,185
70,60
70,74
70,124
70,222
71,1
71,63
71,73
71,85
71,112
71,126
71,224
72,71
72,82
72,109
72,128
73,63
73,110
73,127
73,182
74,62
74,82
74,128
74,238
75,63
75,82
75,128
75,233
76,62
76,109
76,127
76,130
76,231
77,64
77,73
77,82
77,109
77,131
77,221
77,245
78,72
78,130
78,138
78,227
79,71
79,82
79,108
79,132
79,239
79,242
80,78
80,109
80,131
80,222
81,76
81,81
81,129
81,135
81,239
81,242
82,69
82,105
82,130
82,133
82,250
83,83
83,104
83,132
84,72
84,104
84,106
84,134
84,252
85,105
85,131
85,134
85,214
85,232
85,246
86,81
86,100
86,104
86,138
86,145
86,248
87,101
87,104
87,106
87,109
87,135
87,245
87,253
88,101
88,105
88,135
88,140
88,198
88,221
88,238
88,254
89,83
89,102
89,107
89,133
89,140
89,219
89,232
90,72
90,96
90,101
90,108
90,135
90,160
90,216
90,218
90,255
91,101
91,136
91,211
91,245
91,252
92,73
92,99
92,103
92,135
92,142
92,178
92,213
92,251
93,99
93,102
93,138
93,199
93,215
93,249
93,252
94,83
94,103
94,136
94,143
94,158
94,177
94,205
94,212
94,217
94,238
94,256
95,82
95,101
95,109
95,144
95,159
95,226
95,249
96,82
96,103
96,139
96,150
96,174
96,216
97,75
97,83
97,109
97,158
97,241
97,254
97,257
98,103
98,139
98,142
98,148
98,204
98,251
98,253
99,75
99,109
99,137
99,142
99,154
99,228
99,247
99,249
99,251
99,254
99,257
100,83
100,103
100,140
100,143
100,147
100,197
100,235
100,246
100,252
101,75
101,82
101,104
101,110
101,144
101,149
101,154
101,158
101,201
101,237
101,244
101,249
101,253
101,256
102,104
102,111
102,145
102,150
102,162
102,165
102,240
102,246
102,254
103,68
103,84
103,111
103,143
103,148
103,151
103,153
103,168
103,215
103,246
103,251
103,254
103,256
104,84
104,105
104,145
104,150
104,157
104,177
104,181
104,196
104,198
104,210
104,213
104,240
104,249
104,256
105,85
105,111
105,148
105,155
105,160
105,167
105,189
105,194
105,211
105,215
105,242
105,249
105,257
106,85
106,105
106,107
106,139
106,143
106,146
106,150
106,156
106,164
106,170
106,173
106,181
106,185
106,191
106,197
106,235
106,247
107,76
107,86
107,112
107,144
107,149
107,161
107,167
107,169
107,175
107,177
107,179
107,186
107,196
107,212
107,242
107,247
107,257
108,85
108,105
108,108
108,143
108,152
108,154
108,156
108,164
108,173
108,189
108,197
108,212
108,242
108,249
109,107
109,113
109,144
109,147
109,151
109,162
109,167
109,175
109,184
109,188
109,198
109,210
109,240
109,243
110,83
110,85
110,87
110,108
110,112
110,145
110,148
110,154
110,156
110,164
110,172
110,180
110,185
110,198
110,214
110,232
110,238
110,242
110,248
111,104
111,110
111,113
111,145
111,156
111,162
111,168
111,181
111,184
111,188
111,241
112,81
112,85
112,96
112,105
112,109
112,112
112,146
112,148
112,155
112,164
112,169
112,179
112,215
112,241
112,248
113,83
113,87
113,97
113,104
113,109
113,112
113,116
113,148
113,152
113,158
113,174
113,181
113,198
113,239
113,242
113,249
114,80
114,84
114,88
114,109
114,112
114,115
114,147
114,154
114,164
114,186
114,240
114,250
115,83
115,105
115,112
115,124
115,158
115,163
115,172
115,191
115,240
115,242
115,249
116,81
116,87
116,96
116,114
116,116
116,160
116,220
116,250
117,62
117,81
117,88
117,97
117,115
117,132
117,148
117,158
117,242
118,89
118,96
118,106
118,113
118,115
118,133
118,156
118,177
118,203
118,242
118,250
119,61
119,64
119,79
119,90
119,97
119,103
119,108
119,110
119,158
119,188
119,196
119,242
119,254
120,62
120,88
120,91
120,97
120,104
120,106
120,110
120,112
120,114
120,138
120,153
120,244
120,257
121,77
121,80
121,98
121,100
121,103
121,110
121,115
121,142
121,213
121,257
122,83
122,96
122,99
122,108
122,112
122,115
122,120
122,196
122,249
123,66
123,71
123,91
123,98
123,101
123,109
123,117
123,243
123,256
124,13
124,18
124,22
124,58
124,63
124,67
124,69
124,76
124,81
124,92
124,99
124,123
124,235
124,256
125,14
125,17
125,21
125,24
125,46
125,63
125,65
125,70
125,74
125,112
125,116
125,125
125,196
125,243
125,255
126,13
126,18
126,21
126,24
126,27
126,57
126,61
126,67
126,73
126,79
126,93
126,99
126,110
126,114
126,117
126,121
126,142
126,250
127,9
127,12
127,16
127,20
127,23
127,28
127,45
127,59
127,62
127,64
127,68
127,70
127,75
127,100
127,107
127,111
127,113
127,117
127,122
127,130
127,255
128,8
128,12
128,14
128,16
128,19
128,21
128,24
128,27
128,30
128,59
128,66
128,69
128,73
128,83
128,99
128,105
128,109
128,113
128,116
128,121
128,132
128,252
128,254
128,256
129,9
129,11
129,17
129,21
129,24
129,27
129,31
129,51
129,60
129,67
129,70
129,72
129,76
129,82
129,103
129,106
129,110
129,112
129,123
129,126
129,189
129,253
129,257
130,8
130,14
130,20
130,25
130,29
130,31
130,58
130,72
130,75
130,79
130,83
130,100
130,102
130,108
130,111
130,117
130,127
130,249
130,252
131,19
131,22
131,25
131,28
131,43
131,54
131,69
131,71
131,74
131,77
131,80
131,83
131,95
131,99
131,103
131,105
131,107
131,128
131,135
131,256
132,6
132,26
132,28
132,31
132,33
132,35
132,52
132,60
132,65
132,71
132,74
132,77
132,81
132,86
132,96
132,99
132,101
132,105
132,112
132,136
132,195
132,256
133,8
133,30
133,33
133,38
133,43
133,60
133,62
133,66
133,71
133,75
133,78
133,80
133,84
133,94
133,97
133,101
133,104
133,126
133,137
133,210
133,249
133,252
134,14
134,18
134,32
134,36
134,56
134,61
134,64
134,72
134,74
134,77
134,81
134,86
134,90
134,93
134,96
134,99
134,102
134,137
134,195
134,253
135,10
135,13
135,17
135,20
135,30
135,33
135,35
135,39
135,53
135,62
135,69
135,72
135,75
135,81
135,84
135,87
135,89
135,92
135,94
135,97
135,101
135,104
135,129
135,139
135,253
135,255
136,10
136,13
136,16
136,21
136,35
136,38
136,42
136,46
136,48
136,55
136,60
136,63
136,65
136,73
136,77
136,79
136,83
136,86
136,90
136,94
136,98
136,103
136,106
136,247
137,9
137,15
137,17
137,20
137,23
137,33
137,36
137,43
137,61
137,65
137,72
137,75
137,80
137,91
137,93
137,97
137,131
137,191
137,193
137,208
137,257
138,10
138,13
138,18
138,21
138,35
138,38
138,41
138,46
138,57
138,60
138,64
138,67
138,70
138,76
138,78
138,94
138,104
138,126
138,163
138,201
139,8
139,16
139,18
139,21
139,23
139,27
139,36
139,39
139,43
139,58
139,61
139,65
139,74
139,85
139,96
139,102
139,105
139,123
139,133
139,207
140,7
140,11
140,13
140,16
140,20
140,24
140,37
140,40
140,44
140,56
140,60
140,65
140,69
140,78
140,84
140,95
140,106
140,117
140,122
140,126
140,141
140,192
140,247
141,8
141,13
141,18
141,25
141,28
141,35
141,39
141,43
141,56
141,59
141,63
141,74
141,85
141,87
141,96
141,99
141,101
141,103
141,115
141,122
141,127
141,166
141,190
141,196
141,255
142,7
142,10
142,12
142,26
142,38
142,40
142,45
142,56
142,62
142,67
142,75
142,83
142,86
142,93
142,95
142,98
142,109
142,123
142,141
142,197
142,200
142,255
143,6
143,10
143,27
143,38
143,41
143,55
143,63
143,72
143,80
143,88
143,90
143,94
143,99
143,101
143,105
143,111
143,115
143,117
143,122
143,128
143,154
143,202
143,254
144,8
144,11
144,29
144,38
144,41
144,44
144,50
144,58
144,63
144,67
144,78
144,81
144,90
144,93
144,96
144,98
144,103
144,107
144,118
144,125
144,141
144,157
144,194
144,256
145,7
145,31
145,43
145,51
145,56
145,65
145,82
145,88
145,91
145,94
145,99
145,101
145,105
145,108
145,116
145,164
145,191
145,193
145,201
145,257
146,8
146,29
146,39
146,41
146,44
146,55
146,63
146,66
146,74
146,82
146,84
146,86
146,105
146,108
146,111
146,114
146,128
146,166
146,196
146,206
147,4
147,31
147,41
147,45
147,48
147,53
147,58
147,79
147,86
147,88
147,113
147,167
147,201
147,248
148,6
148,8
148,42
148,54
148,62
148,78
148,109
148,113
148,115
148,127
148,141
148,190
148,194
148,203
148,206
148,247
148,257
149,28
149,32
149,43
149,46
149,51
149,61
149,86
149,88
149,95
149,115
149,166
149,193
149,200
149,207
150,5
150,7
150,41
150,45
150,54
150,61
150,72
150,81
150,89
150,93
150,109
150,117
150,141
150,187
150,195
150,198
150,204
150,209
150,249
150,256
151,4
151,33
151,43
151,46
151,62
151,78
151,84
151,95
151,106
151,118
151,130
151,150
151,167
151,189
151,192
151,196
151,200
151,202
151,208
152,3
152,34
152,44
152,47
152,54
152,59
152,71
152,73
152,84
152,98
152,119
152,163
152,168
152,183
152,190
152,195
152,198
152,204
152,207
152,214
153,33
153,42
153,45
153,48
153,50
153,52
153,82
153,85
153,101
153,121
153,184
153,186
153,189
153,205
153,216
154,4
154,43
154,47
154,53
154,73
154,103
154,118
154,120
154,140
154,166
154,179
154,181
154,187
154,196
154,207
154,210
154,216
154,247
155,18
155,35
155,44
155,51
155,70
155,81
155,103
155,118
155,122
155,167
155,175
155,181
155,184
155,188
155,200
155,210
156,3
156,31
156,43
156,48
156,56
156,72
156,77
156,82
156,101
156,120
156,135
156,158
156,166
156,178
156,180
156,186
156,209
156,214
156,219
157,2
157,34
157,44
157,48
157,51
157,80
157,105
157,121
157,161
157,167
157,170
157,173
157,176
157,181
157,185
157,201
157,221
157,237
158,17
158,35
158,46
158,50
158,71
158,81
158,102
158,110
158,122
158,134
158,157
158,172
158,182
158,213
158,217
158,220
158,246
159,4
159,34
159,43
159,45
159,51
159,73
159,80
159,103
159,114
159,154
159,156
159,164
159,167
159,170
159,172
159,174
159,177
159,205
159,210
159,214
159,225
160,3
160,35
160,51
160,59
160,80
160,89
160,102
160,121
160,132
160,157
160,202
160,204
160,208
160,211
160,216
160,218
160,220
160,227
161,3
161,34
161,43
161,46
161,52
161,60
161,62
161,89
161,105
161,113
161,124
161,153
161,155
161,161
161,167
161,169
161,172
161,200
161,203
161,212
161,214
161,222
161,228
161,256
162,33
162,44
162,47
162,49
162,52
162,58
162,73
162,88
162,102
162,107
162,122
162,130
162,160
162,164
162,183
162,216
162,219
162,225
162,242
163,6
163,35
163,45
163,54
163,60
163,88
163,105
163,116
163,123
163,125
163,127
163,129
163,150
163,157
163,162
163,165
163,170
163,180
163,214
163,217
163,220
163,222
163,231
164,4
164,33
164,44
164,47
164,52
164,61
164,66
164,73
164,96
164,102
164,106
164,109
164,122
164,134
164,149
164,156
164,160
164,164
164,169
164,224
164,227
164,230
165,3
165,6
165,42
165,44
165,52
165,54
165,63
165,87
165,101
165,105
165,109
165,112
165,122
165,124
165,126
165,147
165,162
165,165
165,172
165,216
165,220
165,224
165,230
166,4
166,17
166,33
166,41
166,45
166,55
166,62
166,65
166,72
166,92
166,99
166,103
166,106
166,110
166,126
166,132
166,157
166,161
166,166
166,197
166,222
166,228
166,233
166,240
167,22
167,42
167,45
167,53
167,59
167,64
167,72
167,91
167,94
167,98
167,102
167,108
167,121
167,125
167,144
167,146
167,158
167,164
167,200
167,227
167,231
167,239
168,5
168,27
168,41
168,48
168,53
168,62
168,65
168,86
168,89
168,92
168,97
168,101
168,107
168,114
168,122
168,126
168,129
168,155
168,159
168,162
168,168
168,198
168,204
168,207
168,215
168,228
168,232
168,240
169,6
169,9
169,41
169,45
169,54
169,57
169,62
169,68
169,70
169,72
169,79
169,89
169,92
169,94
169,97
169,100
169,111
169,121
169,125
169,143
169,160
169,199
169,207
169,211
169,214
169,220
169,234
169,239
170,7
170,11
170,41
170,55
170,58
170,63
170,65
170,85
170,88
170,92
170,95
170,101
170,107
170,112
170,114
170,117
170,120
170,126
170,156
170,159
170,162
170,191
170,208
170,213
170,217
170,222
170,236
170,240
171,6
171,9
171,29
171,31
171,40
171,49
171,55
171,59
171,66
171,68
171,79
171,86
171,88
171,90
171,93
171,96
171,108
171,114
171,118
171,127
171,155
171,160
171,198
171,205
171,211
171,214
171,218
171,224
171,226
171,233
171,239
172,8
172,14
172,38
172,41
172,50
172,56
172,69
172,76
172,83
172,86
172,90
172,94
172,97
172,102
172,106
172,110
172,112
172,115
172,117
172,122
172,136
172,158
172,174
172,205
172,213
172,218
172,221
172,223
172,234
172,239
172,241
173,7
173,21
173,26
173,29
173,37
173,42
173,46
173,57
173,60
173,63
173,71
173,81
173,84
173,87
173,90
173,93
173,97
173,104
173,108
173,120
173,154
173,172
173,194
173,205
173,243
174,8
174,11
174,14
174,17
174,19
174,23
174,27
174,31
174,40
174,51
174,58
174,61
174,65
174,72
174,77
174,83
174,86
174,89
174,94
174,101
174,103
174,106
174,127
174,156
174,178
174,192
174,200
174,211
174,239
174,241
175,10
175,16
175,21
175,26
175,36
175,47
175,60
175,63
175,67
175,71
175,79
175,81
175,85
175,95
175,102
175,107
175,117
175,160
175,173
175,189
175,207
175,220
175,244
176,9
176,13
176,15
176,20
176,23
176,28
176,37
176,40
176,51
176,61
176,64
176,70
176,73
176,77
176,79
176,83
176,94
176,103
176,152
176,160
176,188
176,194
176,196
176,201
176,240
176,242
176,247
177,10
177,16
177,18
177,24
177,26
177,38
177,57
177,62
177,66
177,71
177,76
177,81
177,85
177,88
177,101
177,110
177,186
177,189
177,193
177,210
177,246
177,254
178,15
178,21
178,23
178,36
178,40
178,60
178,63
178,66
178,72
178,75
178,77
178,80
178,84
178,87
178,91
178,93
178,96
178,99
178,156
178,185
178,197
178,214
178,221
178,228
178,248
178,252
179,13
179,18
179,23
179,25
179,33
179,36
179,52
179,56
179,64
179,71
179,74
179,79
179,85
179,98
179,126
179,221
179,250
179,254
180,8
180,13
180,15
180,18
180,21
180,30
180,34
180,49
180,63
180,66
180,72
180,75
180,80
180,155
180,184
180,255
181,8
181,12
181,17
181,20
181,34
181,36
181,55
181,60
181,64
181,69
181,71
181,100
181,159
182,8
182,11
182,14
182,18
182,31
182,33
182,50
182,59
182,73
182,75
182,78
182,81
182,128
182,178
182,181
183,28
183,32
183,36
183,56
183,67
183,69
183,72
183,84
183,87
183,90
183,94
183,176
184,8
184,27
184,30
184,33
184,51
184,60
184,63
184,65
184,69
184,155
184,178
184,208
184,214
185,10
185,22
185,24
185,27
185,32
185,63
185,68
185,154
185,189
186,11
186,13
186,16
186,19
186,21
186,25
186,29
186,52
186,130
186,156
186,170
186,231
186,241
186,246
187,10
187,14
187,17
187,21
187,23
187,31
187,129
187,172
187,246
188,11
188,16
188,19
188,22
188,27
188,159
188,171
188,188
188,247
188,254
189,10
189,14
189,16
189,20
189,24
189,121
189,153
189,169
189,183
189,187
189,190
189,193
189,248
190,11
190,19
190,25
190,152
190,159
190,194
190,197
191,12
191,16
191,23
191,153
191,160
191,177
191,198
191,202
191,208
191,250
192,19
192,154
192,161
192,177
192,257
193,131
193,154
193,174
193,176
193,181
193,185
193,189
194,116
194,160
194,169
194,183
195,62
195,143
195,155
195,158
195,256
196,146
196,157
196,171
196,250
197,153
197,156
197,256
198,110
198,152
198,156
198,168
199,108
199,146
199,150
199,161
199,188
200,139
200,151
200,154
200,165
200,170
200,184
200,188
200,191
201,69
201,146
201,149
201,153
201,163
201,192
201,257
202,143
202,153
202,156
202,162
202,174
202,204
203,144
203,146
203,154
203,157
203,161
203,181
203,200
204,142
204,156
205,141
205,144
205,153
205,156
205,158
205,161
205,164
205,167
206,120
206,151
206,171
206,176
206,256
207,150
207,156
207,160
208,140
208,155
208,164
208,202
208,255
209,140
209,158
209,160
209,163
209,192
209,197
209,257
210,144
210,153
210,160
210,180
210,255
211,134
211,161
211,163
211,202
212,140
212,153
212,156
212,162
212,170
212,255
213,134
213,145
213,152
213,163
213,173
213,180
213,189
214,139
214,141
214,151
214,164
214,166
214,200
215,135
215,150
215,162
215,167
215,255
216,136
216,149
216,164
216,168
216,199
217,128
217,141
217,153
217,162
217,171
217,255
218,127
218,146
218,160
218,188
218,257
219,144
219,147
219,166
219,175
219,255
220,148
220,154
220,164
220,173
221,144
221,149
221,164
221,193
221,255
222,143
222,147
222,151
222,174
223,124
223,144
223,150
223,154
223,162
223,173
224,133
224,148
224,153
224,160
224,175
224,186
225,132
225,154
225,161
225,173
225,192
226,155
226,174
226,254
227,119
227,141
227,153
227,159
227,173
227,189
227,256
228,146
228,187
228,255
229,157
229,171
229,174
229,192
230,158
230,169
230,172
230,189
231,158
231,167
231,171
231,175
231,177
231,180
231,256
232,159
232,170
232,173
232,190
232,257
233,151
233,160
233,174
233,257
234,146
234,160
234,164
234,167
234,169
234,175
234,254
235,163
235,166
235,170
235,188
235,257
236,145
236,168
236,170
236,178
236,245
236,255
237,160
237,164
237,166
237,177
237,184
237,256
238,175
238,186
238,255
239,160
239,184
239,256
240,150
240,183
240,257
241,160
241,175
241,184
241,250
241,257
242,173
242,180
242,253
243,160
243,173
244,137
244,162
244,168
244,170
244,181
244,253
244,257
245,165
245,168
245,171
245,175
245,245
245,254
246,141
246,161
246,172
246,178
246,180
246,253
247,149
247,171
247,249
247,254
248,122
248,171
248,178
248,256
249,163
249,175
249,179
249,251
249,257
250,159
250,171
250,174
250,244
250,257
251,137
251,157
251,160
251,162
251,164
251,170
251,215
251,251
251,256
252,153
252,155
252,165
252,169
252,172
252,176
252,218
252,221
252,225
252,250
252,253
252,256
253,151
253,155
253,157
253,167
253,169
253,172
253,175
253,179
253,215
253,238
253,251
254,72
254,151
254,157
254,167
254,171
254,174
254,177
254,180
254,213
254,242
254,251
255,149
255,153
255,156
255,166
255,182
255,250
256,73
256,148
256,151
256,154
256,163
256,167
256,169
256,220
256,226
257,147
257,151
257,167
257,170
257,173
257,175
257,181
257,205
257,217
258,144
258,150
258,166
258,172
258,179
258,187
258,195
258,202
258,212
258,244
258,251
259,143
259,147
259,149
259,169
259,179
259,189
259,209
259,249
260,135
260,146
260,157
260,161
260,163
260,190
260,199
260,202
260,207
260,255
260,257
261,145
261,155
261,159
261,171
261,186
261,192
261,197
261,203
261,220
262,144
262,150
262,153
262,156
262,172
262,193
262,197
262,201
263,130
263,141
263,152
263,155
263,157
263,188
263,194
263,199
263,241
264,149
264,151
264,153
264,164
264,174
264,194
264,197
264,220
265,124
265,137
265,152
265,188
265,195
265,201
265,205
266,125
266,149
266,166
266,190
266,195
266,199
266,212
266,256
267,141
267,144
267,150
267,191
267,221
268,135
268,140
268,143
268,146
268,150
268,192
268,196
268,218
268,252
269,69
269,134
269,139
269,147
269,149
269,191
269,197
270,15
270,137
270,144
270,147
270,178
270,195
270,207
270,232
270,255
271,129
271,139
271,141
271,143
271,146
271,191
271,196
271,211
272,129
272,139
272,153
272,156
272,193
272,197
272,225
273,130
273,141
273,144
273,147
273,164
273,166
273,180
273,195
273,205
274,129
274,136
274,139
274,143
274,145
274,165
274,191
274,195
274,212
274,257
275,133
275,135
275,138
275,141
275,164
275,175
275,193
275,207
275,226
276,131
276,136
276,163
276,165
276,182
276,190
276,194
276,229
277,131
277,134
277,139
277,142
277,193
277,211
277,221
277,226
278,130
278,164
278,185
278,190
278,193
278,195
278,229
279,185
279,194
279,219
279,225
279,234
280,186
280,195
280,215
280,239
281,138
281,187
281,196
281,202
281,218
281,224
281,243
282,130
282,161
282,195
282,202
282,211
282,220
282,229
282,234
282,246
283,116
283,136
283,139
283,141
283,145
283,196
283,201
283,219
283,225
283,244
284,4
284,136
284,142
284,146
284,188
284,197
284,205
284,216
284,227
284,232
284,238
284,247
285,134
285,137
285,140
285,144
285,148
285,153
285,160
285,164
285,167
285,198
285,214
285,220
285,224
285,231
285,242
285,255
286,134
286,137
286,140
286,143
286,146
286,155
286,159
286,163
286,168
286,182
286,197
286,205
286,226
286,237
286,247
287,83
287,118
287,134
287,140
287,143
287,146
287,148
287,152
287,157
287,160
287,163
287,166
287,190
287,200
287,215
287,220
287,224
287,229
287,234
288,73
288,82
288,119
288,131
288,136
288,148
288,151
288,155
288,162
288,165
288,197
288,199
288,209
288,225
288,233
288,237
289,1
289,120
289,128
289,131
289,146
289,149
289,153
289,157
289,160
289,163
289,166
289,184
289,200
289,214
289,220
289,226
289,228
289,232
289,236
289,250
290,124
290,126
290,129
290,132
290,142
290,150
290,161
290,163
290,167
290,189
290,198
290,201
290,208
290,215
290,221
290,229
290,242
291,4
291,128
291,132
291,139
291,147
291,149
291,153
291,166
291,169
291,190
291,199
291,217
291,226
291,230
291,238
291,254
292,129
292,141
292,148
292,154
292,167
292,199
292,201
292,204
292,206
292,208
292,213
292,219
292,224
292,231
292,236
292,245
293,4
293,132
293,140
293,143
293,145
293,147
293,155
293,191
293,197
293,200
293,218
293,225
293,228
293,237
293,242
293,246
294,79
294,84
294,86
294,122
294,129
294,138
294,141
294,149
294,156
294,196
294,201
294,205
294,209
294,223
294,231
294,236
294,239
294,243
295,3
295,82
295,85
295,88
295,130
295,133
295,148
295,157
295,192
295,197
295,206
295,219
295,225
295,230
295,233
295,246
295,252
296,8
296,80
296,84
296,87
296,128
296,130
296,140
296,145
296,157
296,159
296,196
296,208
296,218
296,223
296,231
296,237
296,241
296,248
297,81
297,83
297,85
297,88
297,128
297,133
297,141
297,158
297,169
297,190
297,206
297,211
297,229
297,235
297,253
298,85
298,88
298,129
298,132
298,136
298,145
298,160
298,187
298,210
298,221
298,227
298,231
298,235
298,249
299,81
299,84
299,87
299,127
299,130
299,141
299,153
299,161
299,201
299,210
299,214
299,228
299,236
300,82
300,85
300,88
300,121
300,127
300,131
300,134
300,150
300,171
300,206
300,210
300,222
300,248
301,3
301,83
301,87
301,122
301,128
301,130
301,135
301,146
301,154
301,164
301,195
301,206
301,209
301,213
301,223
302,83
302,86
302,91
302,124
302,131
302,134
302,136
302,140
302,147
302,153
302,157
302,171
302,193
302,211
302,219
302,257
303,77
303,86
303,88
303,91
303,125
303,128
303,130
303,138
303,141
303,144
303,160
303,177
303,189
303,191
303,207
303,213
303,218
304,14
304,82
304,86
304,92
304,121
304,127
304,130
304,134
304,161
304,177
304,192
304,208
304,211
304,214
304,219
304,222
305,1
305,84
305,87
305,89
305,125
305,129
305,134
305,162
305,203
305,211
305,221
305,234
306,78
306,84
306,87
306,90
306,93
306,120
306,124
306,128
306,131
306,160
306,163
306,183
306,193
306,212
306,214
306,219
306,256
307,4
307,77
307,86
307,118
307,126
307,134
307,162
307,182
307,204
307,206
307,211
307,217
307,222
308,0
308,11
308,81
308,85
308,88
308,90
308,92
308,119
308,124
308,129
308,131
308,170
308,180
308,196
308,209
308,213
308,218
308,235
308,239
309,3
309,82
309,85
309,88
309,92
309,122
309,125
309,128
309,137
309,171
309,178
309,182
309,187
309,207
309,211
309,219
309,229
310,1
310,11
310,82
310,89
310,93
310,116
310,126
310,129
310,134
310,172
310,179
310,190
310,207
310,213
310,221
310,234
310,255
311,2
311,79
311,85
311,88
311,90
311,92
311,115
311,121
311,124
311,127
311,130
311,166
311,175
311,191
311,203
311,208
311,210
311,222
311,229
311,235
311,237
311,239
311,241
312,80
312,84
312,87
312,91
312,95
312,120
312,123
312,128
312,132
312,169
312,181
312,189
312,205
312,210
312,213
312,227
312,233
312,236
312,240
312,243
312,246
313,1
313,7
313,80
313,90
313,93
313,96
313,114
313,121
313,125
313,128
313,177
313,206
313,209
313,225
313,229
313,231
313,235
313,238
313,241
313,244
314,0
314,5
314,87
314,90
314,92
314,97
314,120
314,122
314,125
314,129
314,175
314,205
314,209
314,211
314,222
314,226
314,230
314,233
314,236
314,239
314,241
314,244
314,246
314,256
315,6
315,79
315,88
315,92
315,94
315,96
315,111
315,117
315,119
315,126
315,142
315,179
315,206
315,221
315,228
315,231
315,235
315,238
315,243
315,247
316,2
316,78
316,87
316,90
316,93
316,97
316,100
316,109
316,111
316,116
316,120
316,122
316,124
316,128
316,174
316,185
316,202
316,207
316,209
316,219
316,230
316,232
316,236
316,239
316,241
316,244
316,247
316,256
317,4
317,10
317,79
317,84
317,90
317,94
317,96
317,99
317,102
317,104
317,107
317,116
317,118
317,124
317,127
317,176
317,180
317,188
317,203
317,205
317,208
317,218
317,234
317,237
317,242
317,245
317,249
318,1
318,3
318,7
318,83
318,91
318,96
318,99
318,101
318,105
318,108
318,111
318,114
318,119
318,121
318,125
318,177
318,190
318,199
318,206
318,209
318,216
318,228
318,237
318,239
318,242
318,246
318,248
318,255
319,6
319,84
319,90
319,93
319,95
319,98
319,102
319,106
319,111
319,115
319,118
319,122
319,125
319,181
319,185
319,193
319,195
319,197
319,200
319,203
319,205
319,230
319,244
319,249
319,252
320,1
320,9
320,84
320,87
320,91
320,95
320,98
320,100
320,104
320,107
320,109
320,112
320,116
320,121
320,176
320,186
320,188
320,204
320,214
320,218
320,231
320,234
320,239
320,246
320,248
320,251
320,254
321,4
321,7
321,86
321,94
321,100
321,103
321,106
321,110
321,113
321,116
321,118
321,123
321,181
321,187
321,190
321,193
321,200
321,202
321,205
321,237
321,249
321,253
322,3
322,9
322,86
322,89
322,94
322,96
322,98
322,101
322,103
322,106
322,108
322,111
322,117
322,122
322,188
322,193
322,195
322,197
322,199
322,212
322,242
322,245
322,248
322,251
322,255
323,2
323,8
323,93
323,100
323,105
323,111
323,114
323,116
323,120
323,182
323,201
323,211
323,215
323,220
323,252
324,0
324,4
324,9
324,14
324,89
324,95
324,97
324,101
324,106
324,108
324,112
324,117
324,121
324,186
324,194
324,196
324,198
324,244
324,248
324,253
324,256
325,2
325,10
325,91
325,98
325,102
325,104
325,109
325,111
325,115
325,118
325,188
325,199
325,210
325,214
326,0
326,3
326,5
326,8
326,92
326,99
326,103
326,106
326,108
326,112
326,116
326,119
326,190
326,204
326,243
326,248
326,252
327,9
327,14
327,93
327,104
327,113
327,118
327,197
327,211
328,0
328,4
328,6
328,12
328,94
328,96
328,110
328,112
328,115
328,195
328,201
328,207
328,251
329,1
329,7
329,13
329,97
329,100
329,105
329,108
329,113
329,202
329,210
329,253
330,3
330,5
330,11
330,18
330,99
330,102
330,106
330,109
330,112
330,200
330,254
331,2
331,7
331,13
331,102
331,105
331,107
331,210
331,256
332,2
332,5
332,12
332,16
333,1
333,6
333,9
333,26
333,204
334,2
334,8
334,12
334,18
334,204
335,3
335,6
335,11
335,16
335,107
336,0
336,3
336,8
336,10
336,15
336,28
337,1
337,6
337,12
337,26
